<?xml version="1.0" encoding="UTF-8" standalone="no"?>
<!DOCTYPE svg PUBLIC "-//W3C//DTD SVG 20010904//EN"
              "http://www.w3.org/TR/2001/REC-SVG-20010904/DTD/svg10.dtd">

<svg xmlns="http://www.w3.org/2000/svg"
     width="9.26389in" height="7.88889in"
     viewBox="0 0 667 568">
  <path id="Selection"
        fill="none" stroke="black" stroke-width="1"
        d="M 178.00,20.00
           C 176.76,25.82 175.11,26.40 178.00,32.00
             178.00,32.00 180.00,22.00 180.00,22.00
             185.26,25.01 182.76,26.95 182.00,33.00
             182.00,33.00 186.00,33.00 186.00,33.00
             185.02,42.43 176.80,54.26 175.56,59.00
             174.92,61.44 175.00,64.47 175.00,67.00
             174.99,72.33 175.41,77.73 176.20,83.00
             176.20,83.00 178.00,90.00 178.00,90.00
             178.00,90.00 178.00,96.00 178.00,96.00
             179.12,102.49 179.98,99.33 180.00,109.00
             180.01,117.86 181.10,131.51 168.00,127.16
             166.32,126.60 163.81,125.77 162.60,124.44
             160.25,121.87 161.54,118.06 161.96,115.00
             161.96,115.00 161.96,106.00 161.96,106.00
             161.96,106.00 162.85,94.00 162.85,94.00
             162.85,94.00 162.85,74.00 162.85,74.00
             162.85,74.00 156.59,48.00 156.59,48.00
             155.16,41.80 157.01,43.68 154.00,34.00
             154.00,34.00 158.00,33.00 158.00,33.00
             158.00,33.00 163.00,41.00 163.00,41.00
             163.00,41.00 167.00,23.00 167.00,23.00
             167.00,23.00 169.00,23.00 169.00,23.00
             169.00,23.00 170.00,34.00 170.00,34.00
             171.68,28.60 172.22,21.85 178.00,20.00 Z
           M 180.00,33.00
           C 180.00,33.00 180.00,37.00 180.00,37.00
             180.00,37.00 182.00,37.00 182.00,37.00
             182.00,37.00 182.00,33.00 182.00,33.00
             182.00,33.00 180.00,33.00 180.00,33.00 Z
           M 214.74,73.00
           C 214.74,73.00 218.28,57.00 218.28,57.00
             219.25,52.53 220.22,44.90 223.38,41.76
             227.10,38.07 233.73,38.12 234.58,43.06
             234.58,43.06 231.19,61.00 231.19,61.00
             231.19,61.00 219.12,111.00 219.12,111.00
             217.76,117.19 218.81,125.80 210.98,127.65
             209.63,127.92 207.46,128.04 206.11,127.65
             202.83,126.82 197.89,116.72 196.02,113.42
             192.07,106.46 182.12,79.97 180.51,72.00
             178.53,62.21 181.50,56.33 192.00,56.00
             192.00,56.00 199.42,83.83 199.42,83.83
             199.42,83.83 205.00,99.00 205.00,99.00
             205.00,99.00 209.00,99.00 209.00,99.00
             209.00,99.00 214.74,73.00 214.74,73.00 Z
           M 322.00,63.00
           C 321.98,71.15 319.32,78.99 318.10,87.00
             318.10,87.00 318.10,101.00 318.10,101.00
             318.00,103.19 317.79,106.84 319.02,108.55
             322.33,113.66 337.22,109.75 342.00,108.55
             345.14,107.53 348.73,105.48 351.94,107.06
             356.02,109.07 357.25,113.93 352.67,117.04
             347.62,120.47 338.03,121.99 332.00,122.00
             327.53,122.01 320.08,121.67 316.00,122.51
             313.12,123.24 309.47,124.99 307.00,122.51
             302.74,118.01 304.99,107.72 305.00,102.00
             305.00,102.00 305.00,90.00 305.00,90.00
             305.00,90.00 306.83,72.00 306.83,72.00
             307.54,64.57 306.47,66.53 308.41,58.00
             309.78,51.97 307.71,49.61 313.19,45.02
             324.88,40.98 322.01,56.07 322.00,63.00 Z
           M 467.69,122.40
           C 465.61,120.03 468.71,109.95 469.67,107.00
             469.67,107.00 473.71,90.00 473.71,90.00
             473.71,90.00 481.28,64.00 481.28,64.00
             482.40,58.85 484.08,45.69 490.12,44.33
             496.19,42.96 497.41,49.76 498.83,54.00
             498.83,54.00 505.67,78.00 505.67,78.00
             506.53,81.73 506.62,86.82 508.58,89.96
             509.64,91.66 511.79,93.44 512.30,95.28
             513.11,98.16 510.59,100.21 511.47,105.00
             513.21,114.45 515.00,110.58 515.00,124.00
             515.00,124.00 506.00,124.00 506.00,124.00
             504.61,119.54 502.70,109.83 500.11,106.63
             495.32,100.69 486.23,101.65 481.57,107.19
             478.84,110.42 476.38,119.62 475.00,124.00
             472.81,123.97 469.27,124.21 467.69,122.40 Z
           M 547.00,110.81
           C 547.00,110.81 562.00,106.60 562.00,106.60
             564.86,106.44 568.13,108.25 569.01,111.10
             570.44,115.70 565.40,117.79 562.00,118.96
             551.81,122.46 547.35,121.98 537.00,122.20
             537.00,122.20 531.00,122.20 531.00,122.20
             527.43,122.70 523.54,125.04 520.55,122.20
             514.07,116.68 518.91,104.28 519.00,97.00
             519.00,97.00 519.00,79.00 519.00,79.00
             519.09,71.72 520.18,72.28 520.82,67.00
             521.34,62.64 520.58,62.11 521.86,57.00
             522.63,53.94 522.93,48.00 524.87,46.03
             527.67,43.19 533.43,42.88 535.20,48.05
             537.07,53.54 535.78,61.45 534.66,67.00
             534.66,67.00 533.70,76.00 533.70,76.00
             533.70,76.00 532.30,83.00 532.30,83.00
             532.30,83.00 531.18,99.00 531.18,99.00
             531.18,99.00 532.00,110.81 532.00,110.81
             532.00,110.81 547.00,110.81 547.00,110.81 Z
           M 282.40,115.57
           C 280.84,117.38 276.89,118.44 274.58,119.44
             265.34,123.46 259.26,126.15 249.00,126.00
             238.62,125.84 241.33,122.19 241.00,102.00
             240.87,94.16 238.04,91.80 237.87,88.00
             237.70,84.13 240.31,82.81 240.86,78.00
             241.47,72.73 239.19,70.33 239.25,64.00
             238.97,62.20 238.92,58.94 239.25,57.29
             242.56,48.22 255.64,45.33 264.00,46.10
             267.59,46.44 277.46,49.24 278.40,53.24
             279.25,56.87 274.81,58.50 271.99,58.53
             265.20,58.61 256.63,53.33 252.93,62.04
             251.89,64.75 252.29,66.30 252.93,69.00
             253.76,73.40 252.70,76.92 256.11,78.40
             259.77,79.99 276.03,76.92 276.45,84.02
             276.62,86.81 273.09,88.20 270.96,88.84
             262.89,91.25 259.44,88.40 255.06,92.40
             250.69,96.39 249.75,113.25 257.02,114.63
             263.04,115.78 273.56,107.94 284.00,107.00
             283.99,109.77 284.32,113.34 282.40,115.57 Z
           M 149.82,55.53
           C 152.00,56.73 154.49,58.89 153.38,61.70
             150.46,69.07 137.86,61.15 131.00,64.61
             122.09,69.09 116.56,89.53 117.32,99.00
             117.85,105.45 121.91,115.24 129.01,116.67
             135.99,118.07 139.42,109.47 138.79,106.01
             138.14,102.46 134.64,100.95 133.64,97.95
             131.81,92.42 140.09,90.30 144.00,90.05
             149.36,89.72 156.83,91.90 155.66,98.83
             155.24,101.28 153.40,102.33 152.22,106.01
             152.22,106.01 149.20,117.48 149.20,117.48
             145.11,125.46 133.25,128.38 125.00,127.96
             115.46,127.47 107.59,120.19 105.46,111.00
             105.46,111.00 104.58,102.00 104.58,102.00
             102.54,86.60 105.75,70.35 118.00,60.01
             120.01,58.31 123.07,55.72 125.46,54.68
             127.75,53.67 132.42,52.91 135.00,52.48
             139.77,52.21 145.58,53.20 149.82,55.53 Z
           M 362.00,114.00
           C 356.86,98.79 349.28,80.06 365.09,68.15
             367.08,66.66 369.69,65.04 372.00,64.13
             375.34,62.82 378.48,62.95 382.00,63.00
             397.26,63.25 405.22,75.90 405.00,90.00
             404.84,99.44 394.44,126.69 390.21,136.17
             387.53,142.18 384.01,154.94 379.00,158.00
             379.00,158.00 362.00,114.00 362.00,114.00 Z
           M 454.60,70.83
           C 454.37,75.01 446.26,76.80 443.00,76.57
             440.50,76.40 437.96,75.08 435.00,75.30
             429.88,75.69 423.89,81.32 422.24,86.17
             421.89,88.24 421.98,91.79 422.24,94.00
             422.04,96.60 422.04,98.51 422.99,101.00
             425.67,108.01 435.14,115.88 443.00,114.50
             449.59,113.35 455.46,106.70 460.64,109.44
             463.64,111.06 465.64,116.59 460.64,119.99
             453.65,124.78 448.02,124.13 440.00,124.00
             432.67,123.88 417.85,118.64 413.55,112.48
             404.62,99.69 409.74,79.03 421.18,69.48
             425.09,66.21 428.24,65.04 433.00,63.60
             438.05,62.67 455.03,63.11 454.60,70.83 Z
           M 490.00,69.00
           C 490.00,69.00 483.00,94.00 483.00,94.00
             485.02,94.48 488.29,95.80 490.08,95.75
             492.12,95.70 493.99,94.87 495.43,93.43
             501.31,87.55 494.15,75.64 492.00,69.00
             492.00,69.00 490.00,69.00 490.00,69.00 Z
           M 369.53,79.52
           C 364.56,86.37 366.11,102.22 381.00,101.53
             389.02,101.16 393.99,95.91 393.99,88.00
             393.99,86.11 393.99,84.17 393.18,82.42
             390.70,77.15 385.48,74.79 380.00,74.46
             375.69,74.95 372.24,75.78 369.53,79.52 Z
           M 441.03,156.00
           C 440.05,167.64 434.05,190.06 430.86,202.00
             430.86,202.00 427.41,218.69 427.41,218.69
             426.82,219.84 426.13,220.35 424.85,220.58
             418.07,221.83 414.42,215.88 415.21,210.00
             415.21,210.00 416.99,203.00 416.99,203.00
             416.99,203.00 416.99,197.00 416.99,197.00
             416.99,197.00 418.68,190.00 418.68,190.00
             418.68,190.00 420.19,176.00 420.19,176.00
             420.19,176.00 424.86,157.00 424.86,157.00
             426.54,150.94 427.29,142.51 434.04,140.51
             446.89,139.70 441.64,148.67 441.03,156.00 Z
           M 223.00,184.33
           C 218.78,185.67 212.29,188.27 208.15,185.83
             202.61,182.56 205.37,173.41 211.44,170.79
             214.57,169.43 218.21,170.50 223.00,169.41
             231.72,167.42 247.33,162.19 255.00,162.01
             259.15,161.92 269.13,162.19 270.41,167.33
             271.32,170.97 265.34,181.34 263.63,185.00
             259.04,194.77 250.14,213.64 250.00,224.00
             249.97,226.68 250.33,231.13 249.19,233.48
             246.44,239.18 238.08,242.65 234.31,235.94
             232.71,233.09 233.00,229.20 233.00,226.00
             233.01,216.74 235.53,211.65 239.23,203.28
             239.23,203.28 250.00,179.00 250.00,179.00
             240.55,179.00 231.98,181.48 223.00,184.33 Z
           M 362.00,182.80
           C 357.39,184.07 348.44,187.77 344.02,186.68
             336.87,184.92 338.42,175.41 343.21,171.89
             347.16,168.99 351.51,170.66 357.00,169.41
             367.29,167.07 381.01,161.90 391.00,162.00
             394.34,162.04 400.76,162.40 402.81,165.48
             405.48,169.49 400.84,179.15 398.97,183.00
             395.30,190.55 388.15,204.28 386.09,212.00
             386.09,212.00 383.72,225.00 383.72,225.00
             383.38,227.67 384.42,229.88 383.72,231.91
             383.10,235.44 375.12,242.23 370.51,238.98
             368.47,237.54 366.50,230.48 366.22,228.00
             365.48,221.38 370.61,208.43 373.58,202.42
             373.58,202.42 385.00,179.00 385.00,179.00
             374.74,179.00 371.83,180.11 362.00,182.80 Z
           M 328.11,211.01
           C 332.08,217.27 328.89,223.61 325.11,228.99
             317.97,239.15 305.61,246.83 293.00,247.00
             290.08,247.03 285.64,247.36 283.31,245.40
             279.04,241.80 281.00,231.76 285.21,228.74
             286.87,227.55 288.67,227.10 290.55,228.05
             291.91,228.73 292.91,230.55 295.13,231.41
             300.41,233.46 305.87,229.75 309.76,226.58
             311.89,224.84 315.96,221.56 314.04,218.46
             313.02,216.80 308.83,214.83 307.00,214.13
             307.00,214.13 283.00,211.42 283.00,211.42
             278.91,210.88 272.31,211.26 273.37,205.00
             274.09,200.73 278.51,199.07 281.04,195.80
             286.00,189.37 289.60,182.30 296.42,177.40
             300.81,174.26 314.53,171.79 320.00,172.18
             325.51,172.57 339.59,172.56 336.14,181.91
             333.18,189.94 324.59,185.74 317.00,186.04
             307.02,186.43 301.32,189.69 296.00,198.00
             305.37,200.11 322.78,202.62 328.11,211.01 Z
           M 425.89,239.00
           C 425.75,246.66 416.91,248.17 413.52,246.01
             409.87,243.68 400.92,227.12 416.00,227.03
             418.98,227.01 421.11,227.48 424.00,228.00
             424.00,228.00 425.89,239.00 425.89,239.00 Z" />
</svg>
