<?xml version="1.0" encoding="UTF-8" standalone="no"?>
<!DOCTYPE svg PUBLIC "-//W3C//DTD SVG 20010904//EN"
              "http://www.w3.org/TR/2001/REC-SVG-20010904/DTD/svg10.dtd">

<svg xmlns="http://www.w3.org/2000/svg"
     width="3.1871in" height="3.1871in"
     viewBox="0 0 306 306">
  <path id="Selection"
        fill="none" stroke="black" stroke-width="1"
        d="M 59.00,17.00
           C 59.00,17.00 59.00,59.00 59.00,59.00
             59.00,59.00 17.00,59.00 17.00,59.00
             17.00,59.00 17.00,17.00 17.00,17.00
             17.00,17.00 59.00,17.00 59.00,17.00 Z
           M 71.00,17.00
           C 71.00,17.00 71.00,23.00 71.00,23.00
             71.00,23.00 65.00,23.00 65.00,23.00
             65.00,23.00 65.00,17.00 65.00,17.00
             65.00,17.00 71.00,17.00 71.00,17.00 Z
           M 89.00,17.00
           C 89.00,17.00 89.00,23.00 89.00,23.00
             89.00,23.00 83.00,23.00 83.00,23.00
             83.00,23.00 83.00,29.00 83.00,29.00
             83.00,29.00 95.00,29.00 95.00,29.00
             95.00,29.00 95.00,17.00 95.00,17.00
             95.00,17.00 149.00,17.00 149.00,17.00
             149.00,17.00 149.00,23.00 149.00,23.00
             149.00,23.00 155.00,23.00 155.00,23.00
             155.00,23.00 155.00,29.00 155.00,29.00
             155.00,29.00 161.00,29.00 161.00,29.00
             161.00,29.00 161.00,23.00 161.00,23.00
             161.00,23.00 167.00,23.00 167.00,23.00
             167.00,23.00 167.00,17.00 167.00,17.00
             167.00,17.00 191.00,17.00 191.00,17.00
             191.00,17.00 191.00,23.00 191.00,23.00
             191.00,23.00 197.00,23.00 197.00,23.00
             197.00,23.00 197.00,17.00 197.00,17.00
             197.00,17.00 209.00,17.00 209.00,17.00
             209.00,17.00 209.00,23.00 209.00,23.00
             209.00,23.00 215.00,23.00 215.00,23.00
             215.00,23.00 215.00,29.00 215.00,29.00
             215.00,29.00 209.00,29.00 209.00,29.00
             209.00,29.00 209.00,41.00 209.00,41.00
             209.00,41.00 215.00,41.00 215.00,41.00
             215.00,41.00 215.00,35.00 215.00,35.00
             215.00,35.00 221.00,35.00 221.00,35.00
             221.00,35.00 221.00,41.00 221.00,41.00
             221.00,41.00 227.00,41.00 227.00,41.00
             227.00,41.00 227.00,23.00 227.00,23.00
             227.00,23.00 233.00,23.00 233.00,23.00
             233.00,23.00 233.00,17.00 233.00,17.00
             233.00,17.00 239.00,17.00 239.00,17.00
             239.00,17.00 239.00,23.00 239.00,23.00
             239.00,23.00 233.00,23.00 233.00,23.00
             233.00,23.00 233.00,35.00 233.00,35.00
             233.00,35.00 239.00,35.00 239.00,35.00
             239.00,35.00 239.00,47.00 239.00,47.00
             239.00,47.00 221.00,47.00 221.00,47.00
             221.00,47.00 221.00,41.00 221.00,41.00
             221.00,41.00 215.00,41.00 215.00,41.00
             215.00,41.00 215.00,47.00 215.00,47.00
             215.00,47.00 209.00,47.00 209.00,47.00
             209.00,47.00 209.00,41.00 209.00,41.00
             209.00,41.00 203.00,41.00 203.00,41.00
             203.00,41.00 203.00,65.00 203.00,65.00
             203.00,65.00 197.00,65.00 197.00,65.00
             197.00,65.00 197.00,71.00 197.00,71.00
             197.00,71.00 185.00,71.00 185.00,71.00
             185.00,71.00 185.00,77.00 185.00,77.00
             185.00,77.00 179.00,77.00 179.00,77.00
             179.00,77.00 179.00,83.00 179.00,83.00
             179.00,83.00 203.00,83.00 203.00,83.00
             203.00,83.00 203.00,89.00 203.00,89.00
             203.00,89.00 209.00,89.00 209.00,89.00
             209.00,89.00 209.00,77.00 209.00,77.00
             209.00,77.00 215.00,77.00 215.00,77.00
             215.00,77.00 215.00,89.00 215.00,89.00
             215.00,89.00 227.00,89.00 227.00,89.00
             227.00,89.00 227.00,83.00 227.00,83.00
             227.00,83.00 221.00,83.00 221.00,83.00
             221.00,83.00 221.00,71.00 221.00,71.00
             221.00,71.00 215.00,71.00 215.00,71.00
             215.00,71.00 215.00,65.00 215.00,65.00
             215.00,65.00 209.00,65.00 209.00,65.00
             209.00,65.00 209.00,53.00 209.00,53.00
             209.00,53.00 215.00,53.00 215.00,53.00
             215.00,53.00 215.00,59.00 215.00,59.00
             215.00,59.00 221.00,59.00 221.00,59.00
             221.00,59.00 221.00,53.00 221.00,53.00
             221.00,53.00 227.00,53.00 227.00,53.00
             227.00,53.00 227.00,59.00 227.00,59.00
             227.00,59.00 233.00,59.00 233.00,59.00
             233.00,59.00 233.00,53.00 233.00,53.00
             233.00,53.00 239.00,53.00 239.00,53.00
             239.00,53.00 239.00,77.00 239.00,77.00
             239.00,77.00 233.00,77.00 233.00,77.00
             233.00,77.00 233.00,83.00 233.00,83.00
             233.00,83.00 239.00,83.00 239.00,83.00
             239.00,83.00 239.00,89.00 239.00,89.00
             239.00,89.00 251.00,89.00 251.00,89.00
             251.00,89.00 251.00,95.00 251.00,95.00
             251.00,95.00 239.00,95.00 239.00,95.00
             239.00,95.00 239.00,89.00 239.00,89.00
             239.00,89.00 233.00,89.00 233.00,89.00
             233.00,89.00 233.00,101.00 233.00,101.00
             233.00,101.00 221.00,101.00 221.00,101.00
             221.00,101.00 221.00,107.00 221.00,107.00
             221.00,107.00 227.00,107.00 227.00,107.00
             227.00,107.00 227.00,113.00 227.00,113.00
             227.00,113.00 233.00,113.00 233.00,113.00
             233.00,113.00 233.00,107.00 233.00,107.00
             233.00,107.00 239.00,107.00 239.00,107.00
             239.00,107.00 239.00,101.00 239.00,101.00
             239.00,101.00 245.00,101.00 245.00,101.00
             245.00,101.00 245.00,107.00 245.00,107.00
             245.00,107.00 251.00,107.00 251.00,107.00
             251.00,107.00 251.00,119.00 251.00,119.00
             251.00,119.00 245.00,119.00 245.00,119.00
             245.00,119.00 245.00,125.00 245.00,125.00
             245.00,125.00 251.00,125.00 251.00,125.00
             251.00,125.00 251.00,131.00 251.00,131.00
             251.00,131.00 245.00,131.00 245.00,131.00
             245.00,131.00 245.00,137.00 245.00,137.00
             245.00,137.00 257.00,137.00 257.00,137.00
             257.00,137.00 257.00,125.00 257.00,125.00
             257.00,125.00 275.00,125.00 275.00,125.00
             275.00,125.00 275.00,131.00 275.00,131.00
             275.00,131.00 281.00,131.00 281.00,131.00
             281.00,131.00 281.00,125.00 281.00,125.00
             281.00,125.00 287.00,125.00 287.00,125.00
             287.00,125.00 287.00,137.00 287.00,137.00
             287.00,137.00 275.00,137.00 275.00,137.00
             275.00,137.00 275.00,143.00 275.00,143.00
             275.00,143.00 269.00,143.00 269.00,143.00
             269.00,143.00 269.00,161.00 269.00,161.00
             269.00,161.00 281.00,161.00 281.00,161.00
             281.00,161.00 281.00,167.00 281.00,167.00
             281.00,167.00 287.00,167.00 287.00,167.00
             287.00,167.00 287.00,179.00 287.00,179.00
             287.00,179.00 281.00,179.00 281.00,179.00
             281.00,179.00 281.00,173.00 281.00,173.00
             281.00,173.00 275.00,173.00 275.00,173.00
             275.00,173.00 275.00,179.00 275.00,179.00
             275.00,179.00 269.00,179.00 269.00,179.00
             269.00,179.00 269.00,185.00 269.00,185.00
             269.00,185.00 281.00,185.00 281.00,185.00
             281.00,185.00 281.00,191.00 281.00,191.00
             281.00,191.00 287.00,191.00 287.00,191.00
             287.00,191.00 287.00,215.00 287.00,215.00
             287.00,215.00 281.00,215.00 281.00,215.00
             281.00,215.00 281.00,221.00 281.00,221.00
             281.00,221.00 287.00,221.00 287.00,221.00
             287.00,221.00 287.00,227.00 287.00,227.00
             287.00,227.00 281.00,227.00 281.00,227.00
             281.00,227.00 281.00,233.00 281.00,233.00
             281.00,233.00 287.00,233.00 287.00,233.00
             287.00,233.00 287.00,239.00 287.00,239.00
             287.00,239.00 281.00,239.00 281.00,239.00
             281.00,239.00 281.00,233.00 281.00,233.00
             281.00,233.00 275.00,233.00 275.00,233.00
             275.00,233.00 275.00,245.00 275.00,245.00
             275.00,245.00 269.00,245.00 269.00,245.00
             269.00,245.00 269.00,233.00 269.00,233.00
             269.00,233.00 275.00,233.00 275.00,233.00
             275.00,233.00 275.00,227.00 275.00,227.00
             275.00,227.00 281.00,227.00 281.00,227.00
             281.00,227.00 281.00,221.00 281.00,221.00
             281.00,221.00 269.00,221.00 269.00,221.00
             269.00,221.00 269.00,227.00 269.00,227.00
             269.00,227.00 257.00,227.00 257.00,227.00
             257.00,227.00 257.00,233.00 257.00,233.00
             257.00,233.00 263.00,233.00 263.00,233.00
             263.00,233.00 263.00,251.00 263.00,251.00
             263.00,251.00 281.00,251.00 281.00,251.00
             281.00,251.00 281.00,245.00 281.00,245.00
             281.00,245.00 287.00,245.00 287.00,245.00
             287.00,245.00 287.00,251.00 287.00,251.00
             287.00,251.00 281.00,251.00 281.00,251.00
             281.00,251.00 281.00,257.00 281.00,257.00
             281.00,257.00 287.00,257.00 287.00,257.00
             287.00,257.00 287.00,263.00 287.00,263.00
             287.00,263.00 245.00,263.00 245.00,263.00
             245.00,263.00 245.00,269.00 245.00,269.00
             245.00,269.00 227.00,269.00 227.00,269.00
             227.00,269.00 227.00,275.00 227.00,275.00
             227.00,275.00 209.00,275.00 209.00,275.00
             209.00,275.00 209.00,257.00 209.00,257.00
             209.00,257.00 197.00,257.00 197.00,257.00
             197.00,257.00 197.00,275.00 197.00,275.00
             197.00,275.00 191.00,275.00 191.00,275.00
             191.00,275.00 191.00,269.00 191.00,269.00
             191.00,269.00 185.00,269.00 185.00,269.00
             185.00,269.00 185.00,275.00 185.00,275.00
             185.00,275.00 179.00,275.00 179.00,275.00
             179.00,275.00 179.00,269.00 179.00,269.00
             179.00,269.00 173.00,269.00 173.00,269.00
             173.00,269.00 173.00,281.00 173.00,281.00
             173.00,281.00 191.00,281.00 191.00,281.00
             191.00,281.00 191.00,287.00 191.00,287.00
             191.00,287.00 173.00,287.00 173.00,287.00
             173.00,287.00 173.00,281.00 173.00,281.00
             173.00,281.00 167.00,281.00 167.00,281.00
             167.00,281.00 167.00,275.00 167.00,275.00
             167.00,275.00 161.00,275.00 161.00,275.00
             161.00,275.00 161.00,281.00 161.00,281.00
             161.00,281.00 149.00,281.00 149.00,281.00
             149.00,281.00 149.00,269.00 149.00,269.00
             149.00,269.00 155.00,269.00 155.00,269.00
             155.00,269.00 155.00,263.00 155.00,263.00
             155.00,263.00 143.00,263.00 143.00,263.00
             143.00,263.00 143.00,275.00 143.00,275.00
             143.00,275.00 137.00,275.00 137.00,275.00
             137.00,275.00 137.00,287.00 137.00,287.00
             137.00,287.00 131.00,287.00 131.00,287.00
             131.00,287.00 131.00,263.00 131.00,263.00
             131.00,263.00 125.00,263.00 125.00,263.00
             125.00,263.00 125.00,281.00 125.00,281.00
             125.00,281.00 119.00,281.00 119.00,281.00
             119.00,281.00 119.00,287.00 119.00,287.00
             119.00,287.00 95.00,287.00 95.00,287.00
             95.00,287.00 95.00,281.00 95.00,281.00
             95.00,281.00 89.00,281.00 89.00,281.00
             89.00,281.00 89.00,269.00 89.00,269.00
             89.00,269.00 83.00,269.00 83.00,269.00
             83.00,269.00 83.00,263.00 83.00,263.00
             83.00,263.00 89.00,263.00 89.00,263.00
             89.00,263.00 89.00,251.00 89.00,251.00
             89.00,251.00 83.00,251.00 83.00,251.00
             83.00,251.00 83.00,245.00 83.00,245.00
             83.00,245.00 77.00,245.00 77.00,245.00
             77.00,245.00 77.00,263.00 77.00,263.00
             77.00,263.00 71.00,263.00 71.00,263.00
             71.00,263.00 71.00,269.00 71.00,269.00
             71.00,269.00 65.00,269.00 65.00,269.00
             65.00,269.00 65.00,257.00 65.00,257.00
             65.00,257.00 71.00,257.00 71.00,257.00
             71.00,257.00 71.00,245.00 71.00,245.00
             71.00,245.00 65.00,245.00 65.00,245.00
             65.00,245.00 65.00,233.00 65.00,233.00
             65.00,233.00 59.00,233.00 59.00,233.00
             59.00,233.00 59.00,239.00 59.00,239.00
             59.00,239.00 53.00,239.00 53.00,239.00
             53.00,239.00 53.00,233.00 53.00,233.00
             53.00,233.00 59.00,233.00 59.00,233.00
             59.00,233.00 59.00,227.00 59.00,227.00
             59.00,227.00 53.00,227.00 53.00,227.00
             53.00,227.00 53.00,221.00 53.00,221.00
             53.00,221.00 59.00,221.00 59.00,221.00
             59.00,221.00 59.00,215.00 59.00,215.00
             59.00,215.00 53.00,215.00 53.00,215.00
             53.00,215.00 53.00,209.00 53.00,209.00
             53.00,209.00 59.00,209.00 59.00,209.00
             59.00,209.00 59.00,203.00 59.00,203.00
             59.00,203.00 53.00,203.00 53.00,203.00
             53.00,203.00 53.00,197.00 53.00,197.00
             53.00,197.00 59.00,197.00 59.00,197.00
             59.00,197.00 59.00,191.00 59.00,191.00
             59.00,191.00 47.00,191.00 47.00,191.00
             47.00,191.00 47.00,197.00 47.00,197.00
             47.00,197.00 41.00,197.00 41.00,197.00
             41.00,197.00 41.00,203.00 41.00,203.00
             41.00,203.00 47.00,203.00 47.00,203.00
             47.00,203.00 47.00,215.00 47.00,215.00
             47.00,215.00 41.00,215.00 41.00,215.00
             41.00,215.00 41.00,209.00 41.00,209.00
             41.00,209.00 35.00,209.00 35.00,209.00
             35.00,209.00 35.00,221.00 35.00,221.00
             35.00,221.00 29.00,221.00 29.00,221.00
             29.00,221.00 29.00,215.00 29.00,215.00
             29.00,215.00 23.00,215.00 23.00,215.00
             23.00,215.00 23.00,221.00 23.00,221.00
             23.00,221.00 17.00,221.00 17.00,221.00
             17.00,221.00 17.00,209.00 17.00,209.00
             17.00,209.00 29.00,209.00 29.00,209.00
             29.00,209.00 29.00,203.00 29.00,203.00
             29.00,203.00 17.00,203.00 17.00,203.00
             17.00,203.00 17.00,197.00 17.00,197.00
             17.00,197.00 23.00,197.00 23.00,197.00
             23.00,197.00 23.00,185.00 23.00,185.00
             23.00,185.00 29.00,185.00 29.00,185.00
             29.00,185.00 29.00,197.00 29.00,197.00
             29.00,197.00 35.00,197.00 35.00,197.00
             35.00,197.00 35.00,191.00 35.00,191.00
             35.00,191.00 47.00,191.00 47.00,191.00
             47.00,191.00 47.00,185.00 47.00,185.00
             47.00,185.00 35.00,185.00 35.00,185.00
             35.00,185.00 35.00,173.00 35.00,173.00
             35.00,173.00 29.00,173.00 29.00,173.00
             29.00,173.00 29.00,179.00 29.00,179.00
             29.00,179.00 23.00,179.00 23.00,179.00
             23.00,179.00 23.00,173.00 23.00,173.00
             23.00,173.00 17.00,173.00 17.00,173.00
             17.00,173.00 17.00,167.00 17.00,167.00
             17.00,167.00 29.00,167.00 29.00,167.00
             29.00,167.00 29.00,161.00 29.00,161.00
             29.00,161.00 35.00,161.00 35.00,161.00
             35.00,161.00 35.00,155.00 35.00,155.00
             35.00,155.00 29.00,155.00 29.00,155.00
             29.00,155.00 29.00,149.00 29.00,149.00
             29.00,149.00 17.00,149.00 17.00,149.00
             17.00,149.00 17.00,143.00 17.00,143.00
             17.00,143.00 23.00,143.00 23.00,143.00
             23.00,143.00 23.00,137.00 23.00,137.00
             23.00,137.00 17.00,137.00 17.00,137.00
             17.00,137.00 17.00,131.00 17.00,131.00
             17.00,131.00 23.00,131.00 23.00,131.00
             23.00,131.00 23.00,125.00 23.00,125.00
             23.00,125.00 29.00,125.00 29.00,125.00
             29.00,125.00 29.00,119.00 29.00,119.00
             29.00,119.00 23.00,119.00 23.00,119.00
             23.00,119.00 23.00,113.00 23.00,113.00
             23.00,113.00 17.00,113.00 17.00,113.00
             17.00,113.00 17.00,107.00 17.00,107.00
             17.00,107.00 23.00,107.00 23.00,107.00
             23.00,107.00 23.00,95.00 23.00,95.00
             23.00,95.00 17.00,95.00 17.00,95.00
             17.00,95.00 17.00,89.00 17.00,89.00
             17.00,89.00 23.00,89.00 23.00,89.00
             23.00,89.00 23.00,95.00 23.00,95.00
             23.00,95.00 29.00,95.00 29.00,95.00
             29.00,95.00 29.00,101.00 29.00,101.00
             29.00,101.00 35.00,101.00 35.00,101.00
             35.00,101.00 35.00,107.00 35.00,107.00
             35.00,107.00 41.00,107.00 41.00,107.00
             41.00,107.00 41.00,113.00 41.00,113.00
             41.00,113.00 47.00,113.00 47.00,113.00
             47.00,113.00 47.00,125.00 47.00,125.00
             47.00,125.00 41.00,125.00 41.00,125.00
             41.00,125.00 41.00,137.00 41.00,137.00
             41.00,137.00 47.00,137.00 47.00,137.00
             47.00,137.00 47.00,131.00 47.00,131.00
             47.00,131.00 53.00,131.00 53.00,131.00
             53.00,131.00 53.00,125.00 53.00,125.00
             53.00,125.00 59.00,125.00 59.00,125.00
             59.00,125.00 59.00,119.00 59.00,119.00
             59.00,119.00 53.00,119.00 53.00,119.00
             53.00,119.00 53.00,113.00 53.00,113.00
             53.00,113.00 59.00,113.00 59.00,113.00
             59.00,113.00 59.00,107.00 59.00,107.00
             59.00,107.00 47.00,107.00 47.00,107.00
             47.00,107.00 47.00,95.00 47.00,95.00
             47.00,95.00 35.00,95.00 35.00,95.00
             35.00,95.00 35.00,89.00 35.00,89.00
             35.00,89.00 47.00,89.00 47.00,89.00
             47.00,89.00 47.00,95.00 47.00,95.00
             47.00,95.00 53.00,95.00 53.00,95.00
             53.00,95.00 53.00,89.00 53.00,89.00
             53.00,89.00 59.00,89.00 59.00,89.00
             59.00,89.00 59.00,83.00 59.00,83.00
             59.00,83.00 53.00,83.00 53.00,83.00
             53.00,83.00 53.00,77.00 53.00,77.00
             53.00,77.00 65.00,77.00 65.00,77.00
             65.00,77.00 65.00,71.00 65.00,71.00
             65.00,71.00 77.00,71.00 77.00,71.00
             77.00,71.00 77.00,77.00 77.00,77.00
             77.00,77.00 83.00,77.00 83.00,77.00
             83.00,77.00 83.00,65.00 83.00,65.00
             83.00,65.00 65.00,65.00 65.00,65.00
             65.00,65.00 65.00,53.00 65.00,53.00
             65.00,53.00 71.00,53.00 71.00,53.00
             71.00,53.00 71.00,59.00 71.00,59.00
             71.00,59.00 77.00,59.00 77.00,59.00
             77.00,59.00 77.00,53.00 77.00,53.00
             77.00,53.00 83.00,53.00 83.00,53.00
             83.00,53.00 83.00,47.00 83.00,47.00
             83.00,47.00 95.00,47.00 95.00,47.00
             95.00,47.00 95.00,41.00 95.00,41.00
             95.00,41.00 77.00,41.00 77.00,41.00
             77.00,41.00 77.00,17.00 77.00,17.00
             77.00,17.00 89.00,17.00 89.00,17.00 Z
           M 287.00,17.00
           C 287.00,17.00 287.00,59.00 287.00,59.00
             287.00,59.00 245.00,59.00 245.00,59.00
             245.00,59.00 245.00,17.00 245.00,17.00
             245.00,17.00 287.00,17.00 287.00,17.00 Z
           M 23.00,23.00
           C 23.00,23.00 23.00,53.00 23.00,53.00
             23.00,53.00 53.00,53.00 53.00,53.00
             53.00,53.00 53.00,23.00 53.00,23.00
             53.00,23.00 23.00,23.00 23.00,23.00 Z
           M 107.00,23.00
           C 107.00,23.00 107.00,29.00 107.00,29.00
             107.00,29.00 113.00,29.00 113.00,29.00
             113.00,29.00 113.00,41.00 113.00,41.00
             113.00,41.00 107.00,41.00 107.00,41.00
             107.00,41.00 107.00,47.00 107.00,47.00
             107.00,47.00 119.00,47.00 119.00,47.00
             119.00,47.00 119.00,41.00 119.00,41.00
             119.00,41.00 125.00,41.00 125.00,41.00
             125.00,41.00 125.00,35.00 125.00,35.00
             125.00,35.00 119.00,35.00 119.00,35.00
             119.00,35.00 119.00,29.00 119.00,29.00
             119.00,29.00 125.00,29.00 125.00,29.00
             125.00,29.00 125.00,23.00 125.00,23.00
             125.00,23.00 107.00,23.00 107.00,23.00 Z
           M 131.00,23.00
           C 131.00,23.00 131.00,29.00 131.00,29.00
             131.00,29.00 143.00,29.00 143.00,29.00
             143.00,29.00 143.00,23.00 143.00,23.00
             143.00,23.00 131.00,23.00 131.00,23.00 Z
           M 185.00,23.00
           C 185.00,23.00 185.00,35.00 185.00,35.00
             185.00,35.00 167.00,35.00 167.00,35.00
             167.00,35.00 167.00,47.00 167.00,47.00
             167.00,47.00 173.00,47.00 173.00,47.00
             173.00,47.00 173.00,53.00 173.00,53.00
             173.00,53.00 179.00,53.00 179.00,53.00
             179.00,53.00 179.00,71.00 179.00,71.00
             179.00,71.00 185.00,71.00 185.00,71.00
             185.00,71.00 185.00,53.00 185.00,53.00
             185.00,53.00 191.00,53.00 191.00,53.00
             191.00,53.00 191.00,47.00 191.00,47.00
             191.00,47.00 179.00,47.00 179.00,47.00
             179.00,47.00 179.00,41.00 179.00,41.00
             179.00,41.00 197.00,41.00 197.00,41.00
             197.00,41.00 197.00,35.00 197.00,35.00
             197.00,35.00 203.00,35.00 203.00,35.00
             203.00,35.00 203.00,23.00 203.00,23.00
             203.00,23.00 197.00,23.00 197.00,23.00
             197.00,23.00 197.00,29.00 197.00,29.00
             197.00,29.00 191.00,29.00 191.00,29.00
             191.00,29.00 191.00,23.00 191.00,23.00
             191.00,23.00 185.00,23.00 185.00,23.00 Z
           M 251.00,23.00
           C 251.00,23.00 251.00,53.00 251.00,53.00
             251.00,53.00 281.00,53.00 281.00,53.00
             281.00,53.00 281.00,23.00 281.00,23.00
             281.00,23.00 251.00,23.00 251.00,23.00 Z
           M 95.00,29.00
           C 95.00,29.00 95.00,41.00 95.00,41.00
             95.00,41.00 101.00,41.00 101.00,41.00
             101.00,41.00 101.00,29.00 101.00,29.00
             101.00,29.00 95.00,29.00 95.00,29.00 Z
           M 125.00,29.00
           C 125.00,29.00 125.00,35.00 125.00,35.00
             125.00,35.00 131.00,35.00 131.00,35.00
             131.00,35.00 131.00,29.00 131.00,29.00
             131.00,29.00 125.00,29.00 125.00,29.00 Z
           M 161.00,29.00
           C 161.00,29.00 161.00,35.00 161.00,35.00
             161.00,35.00 167.00,35.00 167.00,35.00
             167.00,35.00 167.00,29.00 167.00,29.00
             167.00,29.00 161.00,29.00 161.00,29.00 Z
           M 47.00,29.00
           C 47.00,29.00 47.00,47.00 47.00,47.00
             47.00,47.00 29.00,47.00 29.00,47.00
             29.00,47.00 29.00,29.00 29.00,29.00
             29.00,29.00 47.00,29.00 47.00,29.00 Z
           M 275.00,29.00
           C 275.00,29.00 275.00,47.00 275.00,47.00
             275.00,47.00 257.00,47.00 257.00,47.00
             257.00,47.00 257.00,29.00 257.00,29.00
             257.00,29.00 275.00,29.00 275.00,29.00 Z
           M 143.00,35.00
           C 143.00,35.00 143.00,41.00 143.00,41.00
             143.00,41.00 161.00,41.00 161.00,41.00
             161.00,41.00 161.00,35.00 161.00,35.00
             161.00,35.00 143.00,35.00 143.00,35.00 Z
           M 125.00,41.00
           C 125.00,41.00 125.00,53.00 125.00,53.00
             125.00,53.00 131.00,53.00 131.00,53.00
             131.00,53.00 131.00,47.00 131.00,47.00
             131.00,47.00 137.00,47.00 137.00,47.00
             137.00,47.00 137.00,41.00 137.00,41.00
             137.00,41.00 125.00,41.00 125.00,41.00 Z
           M 143.00,47.00
           C 143.00,47.00 143.00,65.00 143.00,65.00
             143.00,65.00 161.00,65.00 161.00,65.00
             161.00,65.00 161.00,47.00 161.00,47.00
             161.00,47.00 143.00,47.00 143.00,47.00 Z
           M 83.00,53.00
           C 83.00,53.00 83.00,65.00 83.00,65.00
             83.00,65.00 89.00,65.00 89.00,65.00
             89.00,65.00 89.00,71.00 89.00,71.00
             89.00,71.00 95.00,71.00 95.00,71.00
             95.00,71.00 95.00,77.00 95.00,77.00
             95.00,77.00 89.00,77.00 89.00,77.00
             89.00,77.00 89.00,101.00 89.00,101.00
             89.00,101.00 101.00,101.00 101.00,101.00
             101.00,101.00 101.00,107.00 101.00,107.00
             101.00,107.00 107.00,107.00 107.00,107.00
             107.00,107.00 107.00,113.00 107.00,113.00
             107.00,113.00 119.00,113.00 119.00,113.00
             119.00,113.00 119.00,107.00 119.00,107.00
             119.00,107.00 125.00,107.00 125.00,107.00
             125.00,107.00 125.00,101.00 125.00,101.00
             125.00,101.00 119.00,101.00 119.00,101.00
             119.00,101.00 119.00,89.00 119.00,89.00
             119.00,89.00 131.00,89.00 131.00,89.00
             131.00,89.00 131.00,95.00 131.00,95.00
             131.00,95.00 143.00,95.00 143.00,95.00
             143.00,95.00 143.00,101.00 143.00,101.00
             143.00,101.00 137.00,101.00 137.00,101.00
             137.00,101.00 137.00,107.00 137.00,107.00
             137.00,107.00 143.00,107.00 143.00,107.00
             143.00,107.00 143.00,113.00 143.00,113.00
             143.00,113.00 149.00,113.00 149.00,113.00
             149.00,113.00 149.00,107.00 149.00,107.00
             149.00,107.00 155.00,107.00 155.00,107.00
             155.00,107.00 155.00,89.00 155.00,89.00
             155.00,89.00 143.00,89.00 143.00,89.00
             143.00,89.00 143.00,83.00 143.00,83.00
             143.00,83.00 131.00,83.00 131.00,83.00
             131.00,83.00 131.00,77.00 131.00,77.00
             131.00,77.00 125.00,77.00 125.00,77.00
             125.00,77.00 125.00,83.00 125.00,83.00
             125.00,83.00 119.00,83.00 119.00,83.00
             119.00,83.00 119.00,77.00 119.00,77.00
             119.00,77.00 125.00,77.00 125.00,77.00
             125.00,77.00 125.00,71.00 125.00,71.00
             125.00,71.00 131.00,71.00 131.00,71.00
             131.00,71.00 131.00,77.00 131.00,77.00
             131.00,77.00 143.00,77.00 143.00,77.00
             143.00,77.00 143.00,83.00 143.00,83.00
             143.00,83.00 149.00,83.00 149.00,83.00
             149.00,83.00 149.00,71.00 149.00,71.00
             149.00,71.00 137.00,71.00 137.00,71.00
             137.00,71.00 137.00,53.00 137.00,53.00
             137.00,53.00 131.00,53.00 131.00,53.00
             131.00,53.00 131.00,59.00 131.00,59.00
             131.00,59.00 125.00,59.00 125.00,59.00
             125.00,59.00 125.00,65.00 125.00,65.00
             125.00,65.00 119.00,65.00 119.00,65.00
             119.00,65.00 119.00,71.00 119.00,71.00
             119.00,71.00 113.00,71.00 113.00,71.00
             113.00,71.00 113.00,77.00 113.00,77.00
             113.00,77.00 101.00,77.00 101.00,77.00
             101.00,77.00 101.00,65.00 101.00,65.00
             101.00,65.00 95.00,65.00 95.00,65.00
             95.00,65.00 95.00,59.00 95.00,59.00
             95.00,59.00 89.00,59.00 89.00,59.00
             89.00,59.00 89.00,53.00 89.00,53.00
             89.00,53.00 83.00,53.00 83.00,53.00 Z
           M 95.00,53.00
           C 95.00,53.00 95.00,59.00 95.00,59.00
             95.00,59.00 101.00,59.00 101.00,59.00
             101.00,59.00 101.00,53.00 101.00,53.00
             101.00,53.00 95.00,53.00 95.00,53.00 Z
           M 107.00,53.00
           C 107.00,53.00 107.00,59.00 107.00,59.00
             107.00,59.00 101.00,59.00 101.00,59.00
             101.00,59.00 101.00,65.00 101.00,65.00
             101.00,65.00 107.00,65.00 107.00,65.00
             107.00,65.00 107.00,71.00 107.00,71.00
             107.00,71.00 113.00,71.00 113.00,71.00
             113.00,71.00 113.00,65.00 113.00,65.00
             113.00,65.00 119.00,65.00 119.00,65.00
             119.00,65.00 119.00,59.00 119.00,59.00
             119.00,59.00 113.00,59.00 113.00,59.00
             113.00,59.00 113.00,53.00 113.00,53.00
             113.00,53.00 107.00,53.00 107.00,53.00 Z
           M 119.00,53.00
           C 119.00,53.00 119.00,59.00 119.00,59.00
             119.00,59.00 125.00,59.00 125.00,59.00
             125.00,59.00 125.00,53.00 125.00,53.00
             125.00,53.00 119.00,53.00 119.00,53.00 Z
           M 167.00,53.00
           C 167.00,53.00 167.00,65.00 167.00,65.00
             167.00,65.00 173.00,65.00 173.00,65.00
             173.00,65.00 173.00,53.00 173.00,53.00
             173.00,53.00 167.00,53.00 167.00,53.00 Z
           M 191.00,53.00
           C 191.00,53.00 191.00,59.00 191.00,59.00
             191.00,59.00 197.00,59.00 197.00,59.00
             197.00,59.00 197.00,53.00 197.00,53.00
             197.00,53.00 191.00,53.00 191.00,53.00 Z
           M 155.00,53.00
           C 155.00,53.00 155.00,59.00 155.00,59.00
             155.00,59.00 149.00,59.00 149.00,59.00
             149.00,59.00 149.00,53.00 149.00,53.00
             149.00,53.00 155.00,53.00 155.00,53.00 Z
           M 221.00,59.00
           C 221.00,59.00 221.00,65.00 221.00,65.00
             221.00,65.00 227.00,65.00 227.00,65.00
             227.00,65.00 227.00,59.00 227.00,59.00
             227.00,59.00 221.00,59.00 221.00,59.00 Z
           M 227.00,65.00
           C 227.00,65.00 227.00,77.00 227.00,77.00
             227.00,77.00 233.00,77.00 233.00,77.00
             233.00,77.00 233.00,65.00 233.00,65.00
             233.00,65.00 227.00,65.00 227.00,65.00 Z
           M 29.00,65.00
           C 29.00,65.00 29.00,71.00 29.00,71.00
             29.00,71.00 35.00,71.00 35.00,71.00
             35.00,71.00 35.00,65.00 35.00,65.00
             35.00,65.00 47.00,65.00 47.00,65.00
             47.00,65.00 47.00,77.00 47.00,77.00
             47.00,77.00 41.00,77.00 41.00,77.00
             41.00,77.00 41.00,83.00 41.00,83.00
             41.00,83.00 35.00,83.00 35.00,83.00
             35.00,83.00 35.00,77.00 35.00,77.00
             35.00,77.00 23.00,77.00 23.00,77.00
             23.00,77.00 23.00,71.00 23.00,71.00
             23.00,71.00 17.00,71.00 17.00,71.00
             17.00,71.00 17.00,65.00 17.00,65.00
             17.00,65.00 29.00,65.00 29.00,65.00 Z
           M 59.00,65.00
           C 59.00,65.00 59.00,71.00 59.00,71.00
             59.00,71.00 53.00,71.00 53.00,71.00
             53.00,71.00 53.00,65.00 53.00,65.00
             53.00,65.00 59.00,65.00 59.00,65.00 Z
           M 251.00,65.00
           C 251.00,65.00 251.00,77.00 251.00,77.00
             251.00,77.00 257.00,77.00 257.00,77.00
             257.00,77.00 257.00,83.00 257.00,83.00
             257.00,83.00 245.00,83.00 245.00,83.00
             245.00,83.00 245.00,65.00 245.00,65.00
             245.00,65.00 251.00,65.00 251.00,65.00 Z
           M 287.00,65.00
           C 287.00,65.00 287.00,71.00 287.00,71.00
             287.00,71.00 281.00,71.00 281.00,71.00
             281.00,71.00 281.00,77.00 281.00,77.00
             281.00,77.00 287.00,77.00 287.00,77.00
             287.00,77.00 287.00,83.00 287.00,83.00
             287.00,83.00 281.00,83.00 281.00,83.00
             281.00,83.00 281.00,89.00 281.00,89.00
             281.00,89.00 275.00,89.00 275.00,89.00
             275.00,89.00 275.00,95.00 275.00,95.00
             275.00,95.00 281.00,95.00 281.00,95.00
             281.00,95.00 281.00,101.00 281.00,101.00
             281.00,101.00 287.00,101.00 287.00,101.00
             287.00,101.00 287.00,107.00 287.00,107.00
             287.00,107.00 281.00,107.00 281.00,107.00
             281.00,107.00 281.00,101.00 281.00,101.00
             281.00,101.00 269.00,101.00 269.00,101.00
             269.00,101.00 269.00,107.00 269.00,107.00
             269.00,107.00 275.00,107.00 275.00,107.00
             275.00,107.00 275.00,113.00 275.00,113.00
             275.00,113.00 287.00,113.00 287.00,113.00
             287.00,113.00 287.00,119.00 287.00,119.00
             287.00,119.00 275.00,119.00 275.00,119.00
             275.00,119.00 275.00,113.00 275.00,113.00
             275.00,113.00 269.00,113.00 269.00,113.00
             269.00,113.00 269.00,107.00 269.00,107.00
             269.00,107.00 263.00,107.00 263.00,107.00
             263.00,107.00 263.00,113.00 263.00,113.00
             263.00,113.00 257.00,113.00 257.00,113.00
             257.00,113.00 257.00,95.00 257.00,95.00
             257.00,95.00 263.00,95.00 263.00,95.00
             263.00,95.00 263.00,101.00 263.00,101.00
             263.00,101.00 269.00,101.00 269.00,101.00
             269.00,101.00 269.00,89.00 269.00,89.00
             269.00,89.00 275.00,89.00 275.00,89.00
             275.00,89.00 275.00,83.00 275.00,83.00
             275.00,83.00 281.00,83.00 281.00,83.00
             281.00,83.00 281.00,77.00 281.00,77.00
             281.00,77.00 275.00,77.00 275.00,77.00
             275.00,77.00 275.00,71.00 275.00,71.00
             275.00,71.00 281.00,71.00 281.00,71.00
             281.00,71.00 281.00,65.00 281.00,65.00
             281.00,65.00 287.00,65.00 287.00,65.00 Z
           M 155.00,71.00
           C 155.00,71.00 155.00,77.00 155.00,77.00
             155.00,77.00 167.00,77.00 167.00,77.00
             167.00,77.00 167.00,71.00 167.00,71.00
             167.00,71.00 155.00,71.00 155.00,71.00 Z
           M 71.00,77.00
           C 71.00,77.00 71.00,83.00 71.00,83.00
             71.00,83.00 77.00,83.00 77.00,83.00
             77.00,83.00 77.00,77.00 77.00,77.00
             77.00,77.00 71.00,77.00 71.00,77.00 Z
           M 269.00,77.00
           C 269.00,77.00 269.00,83.00 269.00,83.00
             269.00,83.00 263.00,83.00 263.00,83.00
             263.00,83.00 263.00,77.00 263.00,77.00
             263.00,77.00 269.00,77.00 269.00,77.00 Z
           M 65.00,83.00
           C 65.00,83.00 65.00,95.00 65.00,95.00
             65.00,95.00 77.00,95.00 77.00,95.00
             77.00,95.00 77.00,89.00 77.00,89.00
             77.00,89.00 71.00,89.00 71.00,89.00
             71.00,89.00 71.00,83.00 71.00,83.00
             71.00,83.00 65.00,83.00 65.00,83.00 Z
           M 155.00,83.00
           C 155.00,83.00 155.00,89.00 155.00,89.00
             155.00,89.00 161.00,89.00 161.00,89.00
             161.00,89.00 161.00,101.00 161.00,101.00
             161.00,101.00 173.00,101.00 173.00,101.00
             173.00,101.00 173.00,95.00 173.00,95.00
             173.00,95.00 167.00,95.00 167.00,95.00
             167.00,95.00 167.00,89.00 167.00,89.00
             167.00,89.00 173.00,89.00 173.00,89.00
             173.00,89.00 173.00,95.00 173.00,95.00
             173.00,95.00 185.00,95.00 185.00,95.00
             185.00,95.00 185.00,101.00 185.00,101.00
             185.00,101.00 191.00,101.00 191.00,101.00
             191.00,101.00 191.00,89.00 191.00,89.00
             191.00,89.00 179.00,89.00 179.00,89.00
             179.00,89.00 179.00,83.00 179.00,83.00
             179.00,83.00 155.00,83.00 155.00,83.00 Z
           M 107.00,83.00
           C 107.00,83.00 107.00,89.00 107.00,89.00
             107.00,89.00 113.00,89.00 113.00,89.00
             113.00,89.00 113.00,101.00 113.00,101.00
             113.00,101.00 107.00,101.00 107.00,101.00
             107.00,101.00 107.00,95.00 107.00,95.00
             107.00,95.00 101.00,95.00 101.00,95.00
             101.00,95.00 101.00,89.00 101.00,89.00
             101.00,89.00 95.00,89.00 95.00,89.00
             95.00,89.00 95.00,83.00 95.00,83.00
             95.00,83.00 107.00,83.00 107.00,83.00 Z
           M 53.00,95.00
           C 53.00,95.00 53.00,101.00 53.00,101.00
             53.00,101.00 59.00,101.00 59.00,101.00
             59.00,101.00 59.00,107.00 59.00,107.00
             59.00,107.00 65.00,107.00 65.00,107.00
             65.00,107.00 65.00,95.00 65.00,95.00
             65.00,95.00 53.00,95.00 53.00,95.00 Z
           M 77.00,95.00
           C 77.00,95.00 77.00,101.00 77.00,101.00
             77.00,101.00 83.00,101.00 83.00,101.00
             83.00,101.00 83.00,95.00 83.00,95.00
             83.00,95.00 77.00,95.00 77.00,95.00 Z
           M 83.00,101.00
           C 83.00,101.00 83.00,107.00 83.00,107.00
             83.00,107.00 89.00,107.00 89.00,107.00
             89.00,107.00 89.00,101.00 89.00,101.00
             89.00,101.00 83.00,101.00 83.00,101.00 Z
           M 191.00,101.00
           C 191.00,101.00 191.00,107.00 191.00,107.00
             191.00,107.00 179.00,107.00 179.00,107.00
             179.00,107.00 179.00,113.00 179.00,113.00
             179.00,113.00 185.00,113.00 185.00,113.00
             185.00,113.00 185.00,119.00 185.00,119.00
             185.00,119.00 191.00,119.00 191.00,119.00
             191.00,119.00 191.00,113.00 191.00,113.00
             191.00,113.00 197.00,113.00 197.00,113.00
             197.00,113.00 197.00,119.00 197.00,119.00
             197.00,119.00 203.00,119.00 203.00,119.00
             203.00,119.00 203.00,125.00 203.00,125.00
             203.00,125.00 209.00,125.00 209.00,125.00
             209.00,125.00 209.00,107.00 209.00,107.00
             209.00,107.00 197.00,107.00 197.00,107.00
             197.00,107.00 197.00,101.00 197.00,101.00
             197.00,101.00 191.00,101.00 191.00,101.00 Z
           M 209.00,101.00
           C 209.00,101.00 209.00,107.00 209.00,107.00
             209.00,107.00 215.00,107.00 215.00,107.00
             215.00,107.00 215.00,101.00 215.00,101.00
             215.00,101.00 209.00,101.00 209.00,101.00 Z
           M 29.00,107.00
           C 29.00,107.00 29.00,119.00 29.00,119.00
             29.00,119.00 35.00,119.00 35.00,119.00
             35.00,119.00 35.00,107.00 35.00,107.00
             35.00,107.00 29.00,107.00 29.00,107.00 Z
           M 71.00,107.00
           C 71.00,107.00 71.00,113.00 71.00,113.00
             71.00,113.00 77.00,113.00 77.00,113.00
             77.00,113.00 77.00,107.00 77.00,107.00
             77.00,107.00 71.00,107.00 71.00,107.00 Z
           M 89.00,107.00
           C 89.00,107.00 89.00,113.00 89.00,113.00
             89.00,113.00 83.00,113.00 83.00,113.00
             83.00,113.00 83.00,137.00 83.00,137.00
             83.00,137.00 89.00,137.00 89.00,137.00
             89.00,137.00 89.00,119.00 89.00,119.00
             89.00,119.00 101.00,119.00 101.00,119.00
             101.00,119.00 101.00,113.00 101.00,113.00
             101.00,113.00 95.00,113.00 95.00,113.00
             95.00,113.00 95.00,107.00 95.00,107.00
             95.00,107.00 89.00,107.00 89.00,107.00 Z
           M 125.00,107.00
           C 125.00,107.00 125.00,113.00 125.00,113.00
             125.00,113.00 131.00,113.00 131.00,113.00
             131.00,113.00 131.00,107.00 131.00,107.00
             131.00,107.00 125.00,107.00 125.00,107.00 Z
           M 161.00,107.00
           C 161.00,107.00 161.00,125.00 161.00,125.00
             161.00,125.00 173.00,125.00 173.00,125.00
             173.00,125.00 173.00,119.00 173.00,119.00
             173.00,119.00 167.00,119.00 167.00,119.00
             167.00,119.00 167.00,113.00 167.00,113.00
             167.00,113.00 173.00,113.00 173.00,113.00
             173.00,113.00 173.00,107.00 173.00,107.00
             173.00,107.00 161.00,107.00 161.00,107.00 Z
           M 65.00,113.00
           C 65.00,113.00 65.00,119.00 65.00,119.00
             65.00,119.00 71.00,119.00 71.00,119.00
             71.00,119.00 71.00,113.00 71.00,113.00
             71.00,113.00 65.00,113.00 65.00,113.00 Z
           M 119.00,113.00
           C 119.00,113.00 119.00,119.00 119.00,119.00
             119.00,119.00 125.00,119.00 125.00,119.00
             125.00,119.00 125.00,113.00 125.00,113.00
             125.00,113.00 119.00,113.00 119.00,113.00 Z
           M 137.00,113.00
           C 137.00,113.00 137.00,119.00 137.00,119.00
             137.00,119.00 131.00,119.00 131.00,119.00
             131.00,119.00 131.00,125.00 131.00,125.00
             131.00,125.00 137.00,125.00 137.00,125.00
             137.00,125.00 137.00,137.00 137.00,137.00
             137.00,137.00 155.00,137.00 155.00,137.00
             155.00,137.00 155.00,131.00 155.00,131.00
             155.00,131.00 161.00,131.00 161.00,131.00
             161.00,131.00 161.00,125.00 161.00,125.00
             161.00,125.00 155.00,125.00 155.00,125.00
             155.00,125.00 155.00,119.00 155.00,119.00
             155.00,119.00 143.00,119.00 143.00,119.00
             143.00,119.00 143.00,113.00 143.00,113.00
             143.00,113.00 137.00,113.00 137.00,113.00 Z
           M 239.00,113.00
           C 239.00,113.00 239.00,119.00 239.00,119.00
             239.00,119.00 245.00,119.00 245.00,119.00
             245.00,119.00 245.00,113.00 245.00,113.00
             245.00,113.00 239.00,113.00 239.00,113.00 Z
           M 35.00,119.00
           C 35.00,119.00 35.00,125.00 35.00,125.00
             35.00,125.00 41.00,125.00 41.00,125.00
             41.00,125.00 41.00,119.00 41.00,119.00
             41.00,119.00 35.00,119.00 35.00,119.00 Z
           M 71.00,119.00
           C 71.00,119.00 71.00,125.00 71.00,125.00
             71.00,125.00 77.00,125.00 77.00,125.00
             77.00,125.00 77.00,119.00 77.00,119.00
             77.00,119.00 71.00,119.00 71.00,119.00 Z
           M 101.00,119.00
           C 101.00,119.00 101.00,131.00 101.00,131.00
             101.00,131.00 95.00,131.00 95.00,131.00
             95.00,131.00 95.00,137.00 95.00,137.00
             95.00,137.00 89.00,137.00 89.00,137.00
             89.00,137.00 89.00,143.00 89.00,143.00
             89.00,143.00 83.00,143.00 83.00,143.00
             83.00,143.00 83.00,137.00 83.00,137.00
             83.00,137.00 77.00,137.00 77.00,137.00
             77.00,137.00 77.00,131.00 77.00,131.00
             77.00,131.00 71.00,131.00 71.00,131.00
             71.00,131.00 71.00,143.00 71.00,143.00
             71.00,143.00 77.00,143.00 77.00,143.00
             77.00,143.00 77.00,155.00 77.00,155.00
             77.00,155.00 83.00,155.00 83.00,155.00
             83.00,155.00 83.00,149.00 83.00,149.00
             83.00,149.00 101.00,149.00 101.00,149.00
             101.00,149.00 101.00,155.00 101.00,155.00
             101.00,155.00 107.00,155.00 107.00,155.00
             107.00,155.00 107.00,161.00 107.00,161.00
             107.00,161.00 101.00,161.00 101.00,161.00
             101.00,161.00 101.00,155.00 101.00,155.00
             101.00,155.00 95.00,155.00 95.00,155.00
             95.00,155.00 95.00,167.00 95.00,167.00
             95.00,167.00 113.00,167.00 113.00,167.00
             113.00,167.00 113.00,173.00 113.00,173.00
             113.00,173.00 107.00,173.00 107.00,173.00
             107.00,173.00 107.00,185.00 107.00,185.00
             107.00,185.00 119.00,185.00 119.00,185.00
             119.00,185.00 119.00,179.00 119.00,179.00
             119.00,179.00 125.00,179.00 125.00,179.00
             125.00,179.00 125.00,173.00 125.00,173.00
             125.00,173.00 137.00,173.00 137.00,173.00
             137.00,173.00 137.00,167.00 137.00,167.00
             137.00,167.00 131.00,167.00 131.00,167.00
             131.00,167.00 131.00,155.00 131.00,155.00
             131.00,155.00 137.00,155.00 137.00,155.00
             137.00,155.00 137.00,149.00 137.00,149.00
             137.00,149.00 131.00,149.00 131.00,149.00
             131.00,149.00 131.00,143.00 131.00,143.00
             131.00,143.00 137.00,143.00 137.00,143.00
             137.00,143.00 137.00,137.00 137.00,137.00
             137.00,137.00 131.00,137.00 131.00,137.00
             131.00,137.00 131.00,125.00 131.00,125.00
             131.00,125.00 125.00,125.00 125.00,125.00
             125.00,125.00 125.00,137.00 125.00,137.00
             125.00,137.00 119.00,137.00 119.00,137.00
             119.00,137.00 119.00,149.00 119.00,149.00
             119.00,149.00 125.00,149.00 125.00,149.00
             125.00,149.00 125.00,155.00 125.00,155.00
             125.00,155.00 119.00,155.00 119.00,155.00
             119.00,155.00 119.00,161.00 119.00,161.00
             119.00,161.00 125.00,161.00 125.00,161.00
             125.00,161.00 125.00,167.00 125.00,167.00
             125.00,167.00 119.00,167.00 119.00,167.00
             119.00,167.00 119.00,161.00 119.00,161.00
             119.00,161.00 113.00,161.00 113.00,161.00
             113.00,161.00 113.00,143.00 113.00,143.00
             113.00,143.00 107.00,143.00 107.00,143.00
             107.00,143.00 107.00,137.00 107.00,137.00
             107.00,137.00 113.00,137.00 113.00,137.00
             113.00,137.00 113.00,131.00 113.00,131.00
             113.00,131.00 119.00,131.00 119.00,131.00
             119.00,131.00 119.00,125.00 119.00,125.00
             119.00,125.00 107.00,125.00 107.00,125.00
             107.00,125.00 107.00,119.00 107.00,119.00
             107.00,119.00 101.00,119.00 101.00,119.00 Z
           M 179.00,119.00
           C 179.00,119.00 179.00,125.00 179.00,125.00
             179.00,125.00 185.00,125.00 185.00,125.00
             185.00,125.00 185.00,119.00 185.00,119.00
             185.00,119.00 179.00,119.00 179.00,119.00 Z
           M 215.00,119.00
           C 215.00,119.00 215.00,131.00 215.00,131.00
             215.00,131.00 221.00,131.00 221.00,131.00
             221.00,131.00 221.00,119.00 221.00,119.00
             221.00,119.00 215.00,119.00 215.00,119.00 Z
           M 227.00,119.00
           C 227.00,119.00 227.00,131.00 227.00,131.00
             227.00,131.00 239.00,131.00 239.00,131.00
             239.00,131.00 239.00,125.00 239.00,125.00
             239.00,125.00 233.00,125.00 233.00,125.00
             233.00,125.00 233.00,119.00 233.00,119.00
             233.00,119.00 227.00,119.00 227.00,119.00 Z
           M 59.00,125.00
           C 59.00,125.00 59.00,131.00 59.00,131.00
             59.00,131.00 71.00,131.00 71.00,131.00
             71.00,131.00 71.00,125.00 71.00,125.00
             71.00,125.00 59.00,125.00 59.00,125.00 Z
           M 197.00,125.00
           C 197.00,125.00 197.00,131.00 197.00,131.00
             197.00,131.00 203.00,131.00 203.00,131.00
             203.00,131.00 203.00,125.00 203.00,125.00
             203.00,125.00 197.00,125.00 197.00,125.00 Z
           M 149.00,125.00
           C 149.00,125.00 149.00,131.00 149.00,131.00
             149.00,131.00 143.00,131.00 143.00,131.00
             143.00,131.00 143.00,125.00 143.00,125.00
             143.00,125.00 149.00,125.00 149.00,125.00 Z
           M 23.00,131.00
           C 23.00,131.00 23.00,137.00 23.00,137.00
             23.00,137.00 29.00,137.00 29.00,137.00
             29.00,137.00 29.00,149.00 29.00,149.00
             29.00,149.00 41.00,149.00 41.00,149.00
             41.00,149.00 41.00,137.00 41.00,137.00
             41.00,137.00 35.00,137.00 35.00,137.00
             35.00,137.00 35.00,131.00 35.00,131.00
             35.00,131.00 23.00,131.00 23.00,131.00 Z
           M 53.00,131.00
           C 53.00,131.00 53.00,137.00 53.00,137.00
             53.00,137.00 59.00,137.00 59.00,137.00
             59.00,137.00 59.00,131.00 59.00,131.00
             59.00,131.00 53.00,131.00 53.00,131.00 Z
           M 161.00,131.00
           C 161.00,131.00 161.00,137.00 161.00,137.00
             161.00,137.00 167.00,137.00 167.00,137.00
             167.00,137.00 167.00,131.00 167.00,131.00
             167.00,131.00 161.00,131.00 161.00,131.00 Z
           M 185.00,131.00
           C 185.00,131.00 185.00,137.00 185.00,137.00
             185.00,137.00 167.00,137.00 167.00,137.00
             167.00,137.00 167.00,143.00 167.00,143.00
             167.00,143.00 173.00,143.00 173.00,143.00
             173.00,143.00 173.00,149.00 173.00,149.00
             173.00,149.00 179.00,149.00 179.00,149.00
             179.00,149.00 179.00,143.00 179.00,143.00
             179.00,143.00 191.00,143.00 191.00,143.00
             191.00,143.00 191.00,149.00 191.00,149.00
             191.00,149.00 197.00,149.00 197.00,149.00
             197.00,149.00 197.00,155.00 197.00,155.00
             197.00,155.00 203.00,155.00 203.00,155.00
             203.00,155.00 203.00,149.00 203.00,149.00
             203.00,149.00 209.00,149.00 209.00,149.00
             209.00,149.00 209.00,143.00 209.00,143.00
             209.00,143.00 197.00,143.00 197.00,143.00
             197.00,143.00 197.00,131.00 197.00,131.00
             197.00,131.00 185.00,131.00 185.00,131.00 Z
           M 203.00,131.00
           C 203.00,131.00 203.00,137.00 203.00,137.00
             203.00,137.00 209.00,137.00 209.00,137.00
             209.00,137.00 209.00,131.00 209.00,131.00
             209.00,131.00 203.00,131.00 203.00,131.00 Z
           M 221.00,131.00
           C 221.00,131.00 221.00,143.00 221.00,143.00
             221.00,143.00 227.00,143.00 227.00,143.00
             227.00,143.00 227.00,131.00 227.00,131.00
             227.00,131.00 221.00,131.00 221.00,131.00 Z
           M 269.00,131.00
           C 269.00,131.00 269.00,137.00 269.00,137.00
             269.00,137.00 275.00,137.00 275.00,137.00
             275.00,137.00 275.00,131.00 275.00,131.00
             275.00,131.00 269.00,131.00 269.00,131.00 Z
           M 209.00,137.00
           C 209.00,137.00 209.00,143.00 209.00,143.00
             209.00,143.00 215.00,143.00 215.00,143.00
             215.00,143.00 215.00,137.00 215.00,137.00
             215.00,137.00 209.00,137.00 209.00,137.00 Z
           M 263.00,137.00
           C 263.00,137.00 263.00,143.00 263.00,143.00
             263.00,143.00 269.00,143.00 269.00,143.00
             269.00,143.00 269.00,137.00 269.00,137.00
             269.00,137.00 263.00,137.00 263.00,137.00 Z
           M 47.00,143.00
           C 47.00,143.00 47.00,161.00 47.00,161.00
             47.00,161.00 65.00,161.00 65.00,161.00
             65.00,161.00 65.00,143.00 65.00,143.00
             65.00,143.00 47.00,143.00 47.00,143.00 Z
           M 143.00,143.00
           C 143.00,143.00 143.00,161.00 143.00,161.00
             143.00,161.00 161.00,161.00 161.00,161.00
             161.00,161.00 161.00,143.00 161.00,143.00
             161.00,143.00 143.00,143.00 143.00,143.00 Z
           M 227.00,143.00
           C 227.00,143.00 227.00,161.00 227.00,161.00
             227.00,161.00 233.00,161.00 233.00,161.00
             233.00,161.00 233.00,143.00 233.00,143.00
             233.00,143.00 227.00,143.00 227.00,143.00 Z
           M 239.00,143.00
           C 239.00,143.00 239.00,161.00 239.00,161.00
             239.00,161.00 257.00,161.00 257.00,161.00
             257.00,161.00 257.00,143.00 257.00,143.00
             257.00,143.00 239.00,143.00 239.00,143.00 Z
           M 185.00,149.00
           C 185.00,149.00 185.00,155.00 185.00,155.00
             185.00,155.00 191.00,155.00 191.00,155.00
             191.00,155.00 191.00,149.00 191.00,149.00
             191.00,149.00 185.00,149.00 185.00,149.00 Z
           M 209.00,149.00
           C 209.00,149.00 209.00,155.00 209.00,155.00
             209.00,155.00 221.00,155.00 221.00,155.00
             221.00,155.00 221.00,149.00 221.00,149.00
             221.00,149.00 209.00,149.00 209.00,149.00 Z
           M 59.00,149.00
           C 59.00,149.00 59.00,155.00 59.00,155.00
             59.00,155.00 53.00,155.00 53.00,155.00
             53.00,155.00 53.00,149.00 53.00,149.00
             53.00,149.00 59.00,149.00 59.00,149.00 Z
           M 155.00,149.00
           C 155.00,149.00 155.00,155.00 155.00,155.00
             155.00,155.00 149.00,155.00 149.00,155.00
             149.00,155.00 149.00,149.00 149.00,149.00
             149.00,149.00 155.00,149.00 155.00,149.00 Z
           M 251.00,149.00
           C 251.00,149.00 251.00,155.00 251.00,155.00
             251.00,155.00 245.00,155.00 245.00,155.00
             245.00,155.00 245.00,149.00 245.00,149.00
             245.00,149.00 251.00,149.00 251.00,149.00 Z
           M 287.00,149.00
           C 287.00,149.00 287.00,155.00 287.00,155.00
             287.00,155.00 281.00,155.00 281.00,155.00
             281.00,155.00 281.00,149.00 281.00,149.00
             281.00,149.00 287.00,149.00 287.00,149.00 Z
           M 71.00,155.00
           C 71.00,155.00 71.00,161.00 71.00,161.00
             71.00,161.00 77.00,161.00 77.00,161.00
             77.00,161.00 77.00,155.00 77.00,155.00
             77.00,155.00 71.00,155.00 71.00,155.00 Z
           M 173.00,155.00
           C 173.00,155.00 173.00,161.00 173.00,161.00
             173.00,161.00 167.00,161.00 167.00,161.00
             167.00,161.00 167.00,185.00 167.00,185.00
             167.00,185.00 173.00,185.00 173.00,185.00
             173.00,185.00 173.00,179.00 173.00,179.00
             173.00,179.00 179.00,179.00 179.00,179.00
             179.00,179.00 179.00,173.00 179.00,173.00
             179.00,173.00 173.00,173.00 173.00,173.00
             173.00,173.00 173.00,167.00 173.00,167.00
             173.00,167.00 179.00,167.00 179.00,167.00
             179.00,167.00 179.00,161.00 179.00,161.00
             179.00,161.00 185.00,161.00 185.00,161.00
             185.00,161.00 185.00,155.00 185.00,155.00
             185.00,155.00 173.00,155.00 173.00,155.00 Z
           M 23.00,155.00
           C 23.00,155.00 23.00,161.00 23.00,161.00
             23.00,161.00 17.00,161.00 17.00,161.00
             17.00,161.00 17.00,155.00 17.00,155.00
             17.00,155.00 23.00,155.00 23.00,155.00 Z
           M 83.00,161.00
           C 83.00,161.00 83.00,173.00 83.00,173.00
             83.00,173.00 89.00,173.00 89.00,173.00
             89.00,173.00 89.00,161.00 89.00,161.00
             89.00,161.00 83.00,161.00 83.00,161.00 Z
           M 185.00,161.00
           C 185.00,161.00 185.00,167.00 185.00,167.00
             185.00,167.00 179.00,167.00 179.00,167.00
             179.00,167.00 179.00,173.00 179.00,173.00
             179.00,173.00 191.00,173.00 191.00,173.00
             191.00,173.00 191.00,161.00 191.00,161.00
             191.00,161.00 185.00,161.00 185.00,161.00 Z
           M 209.00,161.00
           C 209.00,161.00 209.00,167.00 209.00,167.00
             209.00,167.00 203.00,167.00 203.00,167.00
             203.00,167.00 203.00,173.00 203.00,173.00
             203.00,173.00 209.00,173.00 209.00,173.00
             209.00,173.00 209.00,179.00 209.00,179.00
             209.00,179.00 203.00,179.00 203.00,179.00
             203.00,179.00 203.00,191.00 203.00,191.00
             203.00,191.00 209.00,191.00 209.00,191.00
             209.00,191.00 209.00,185.00 209.00,185.00
             209.00,185.00 215.00,185.00 215.00,185.00
             215.00,185.00 215.00,173.00 215.00,173.00
             215.00,173.00 233.00,173.00 233.00,173.00
             233.00,173.00 233.00,167.00 233.00,167.00
             233.00,167.00 227.00,167.00 227.00,167.00
             227.00,167.00 227.00,161.00 227.00,161.00
             227.00,161.00 209.00,161.00 209.00,161.00 Z
           M 263.00,161.00
           C 263.00,161.00 263.00,179.00 263.00,179.00
             263.00,179.00 269.00,179.00 269.00,179.00
             269.00,179.00 269.00,173.00 269.00,173.00
             269.00,173.00 275.00,173.00 275.00,173.00
             275.00,173.00 275.00,167.00 275.00,167.00
             275.00,167.00 269.00,167.00 269.00,167.00
             269.00,167.00 269.00,161.00 269.00,161.00
             269.00,161.00 263.00,161.00 263.00,161.00 Z
           M 35.00,167.00
           C 35.00,167.00 35.00,173.00 35.00,173.00
             35.00,173.00 47.00,173.00 47.00,173.00
             47.00,173.00 47.00,167.00 47.00,167.00
             47.00,167.00 35.00,167.00 35.00,167.00 Z
           M 53.00,167.00
           C 53.00,167.00 53.00,173.00 53.00,173.00
             53.00,173.00 59.00,173.00 59.00,173.00
             59.00,173.00 59.00,167.00 59.00,167.00
             59.00,167.00 53.00,167.00 53.00,167.00 Z
           M 71.00,167.00
           C 71.00,167.00 71.00,179.00 71.00,179.00
             71.00,179.00 77.00,179.00 77.00,179.00
             77.00,179.00 77.00,167.00 77.00,167.00
             77.00,167.00 71.00,167.00 71.00,167.00 Z
           M 143.00,167.00
           C 143.00,167.00 143.00,173.00 143.00,173.00
             143.00,173.00 155.00,173.00 155.00,173.00
             155.00,173.00 155.00,179.00 155.00,179.00
             155.00,179.00 161.00,179.00 161.00,179.00
             161.00,179.00 161.00,167.00 161.00,167.00
             161.00,167.00 143.00,167.00 143.00,167.00 Z
           M 245.00,167.00
           C 245.00,167.00 245.00,173.00 245.00,173.00
             245.00,173.00 257.00,173.00 257.00,173.00
             257.00,173.00 257.00,167.00 257.00,167.00
             257.00,167.00 245.00,167.00 245.00,167.00 Z
           M 59.00,173.00
           C 59.00,173.00 59.00,179.00 59.00,179.00
             59.00,179.00 65.00,179.00 65.00,179.00
             65.00,179.00 65.00,173.00 65.00,173.00
             65.00,173.00 59.00,173.00 59.00,173.00 Z
           M 233.00,173.00
           C 233.00,173.00 233.00,179.00 233.00,179.00
             233.00,179.00 239.00,179.00 239.00,179.00
             239.00,179.00 239.00,185.00 239.00,185.00
             239.00,185.00 245.00,185.00 245.00,185.00
             245.00,185.00 245.00,173.00 245.00,173.00
             245.00,173.00 233.00,173.00 233.00,173.00 Z
           M 47.00,179.00
           C 47.00,179.00 47.00,185.00 47.00,185.00
             47.00,185.00 59.00,185.00 59.00,185.00
             59.00,185.00 59.00,179.00 59.00,179.00
             59.00,179.00 47.00,179.00 47.00,179.00 Z
           M 83.00,179.00
           C 83.00,179.00 83.00,185.00 83.00,185.00
             83.00,185.00 89.00,185.00 89.00,185.00
             89.00,185.00 89.00,179.00 89.00,179.00
             89.00,179.00 83.00,179.00 83.00,179.00 Z
           M 125.00,179.00
           C 125.00,179.00 125.00,185.00 125.00,185.00
             125.00,185.00 131.00,185.00 131.00,185.00
             131.00,185.00 131.00,179.00 131.00,179.00
             131.00,179.00 125.00,179.00 125.00,179.00 Z
           M 149.00,179.00
           C 149.00,179.00 149.00,185.00 149.00,185.00
             149.00,185.00 131.00,185.00 131.00,185.00
             131.00,185.00 131.00,197.00 131.00,197.00
             131.00,197.00 137.00,197.00 137.00,197.00
             137.00,197.00 137.00,203.00 137.00,203.00
             137.00,203.00 143.00,203.00 143.00,203.00
             143.00,203.00 143.00,197.00 143.00,197.00
             143.00,197.00 149.00,197.00 149.00,197.00
             149.00,197.00 149.00,191.00 149.00,191.00
             149.00,191.00 167.00,191.00 167.00,191.00
             167.00,191.00 167.00,185.00 167.00,185.00
             167.00,185.00 155.00,185.00 155.00,185.00
             155.00,185.00 155.00,179.00 155.00,179.00
             155.00,179.00 149.00,179.00 149.00,179.00 Z
           M 191.00,179.00
           C 191.00,179.00 191.00,191.00 191.00,191.00
             191.00,191.00 197.00,191.00 197.00,191.00
             197.00,191.00 197.00,179.00 197.00,179.00
             197.00,179.00 191.00,179.00 191.00,179.00 Z
           M 251.00,179.00
           C 251.00,179.00 251.00,191.00 251.00,191.00
             251.00,191.00 263.00,191.00 263.00,191.00
             263.00,191.00 263.00,197.00 263.00,197.00
             263.00,197.00 257.00,197.00 257.00,197.00
             257.00,197.00 257.00,209.00 257.00,209.00
             257.00,209.00 263.00,209.00 263.00,209.00
             263.00,209.00 263.00,203.00 263.00,203.00
             263.00,203.00 269.00,203.00 269.00,203.00
             269.00,203.00 269.00,209.00 269.00,209.00
             269.00,209.00 281.00,209.00 281.00,209.00
             281.00,209.00 281.00,191.00 281.00,191.00
             281.00,191.00 269.00,191.00 269.00,191.00
             269.00,191.00 269.00,185.00 269.00,185.00
             269.00,185.00 257.00,185.00 257.00,185.00
             257.00,185.00 257.00,179.00 257.00,179.00
             257.00,179.00 251.00,179.00 251.00,179.00 Z
           M 77.00,185.00
           C 77.00,185.00 77.00,191.00 77.00,191.00
             77.00,191.00 83.00,191.00 83.00,191.00
             83.00,191.00 83.00,185.00 83.00,185.00
             83.00,185.00 77.00,185.00 77.00,185.00 Z
           M 89.00,185.00
           C 89.00,185.00 89.00,191.00 89.00,191.00
             89.00,191.00 95.00,191.00 95.00,191.00
             95.00,191.00 95.00,185.00 95.00,185.00
             95.00,185.00 89.00,185.00 89.00,185.00 Z
           M 101.00,185.00
           C 101.00,185.00 101.00,197.00 101.00,197.00
             101.00,197.00 107.00,197.00 107.00,197.00
             107.00,197.00 107.00,209.00 107.00,209.00
             107.00,209.00 101.00,209.00 101.00,209.00
             101.00,209.00 101.00,215.00 101.00,215.00
             101.00,215.00 107.00,215.00 107.00,215.00
             107.00,215.00 107.00,221.00 107.00,221.00
             107.00,221.00 95.00,221.00 95.00,221.00
             95.00,221.00 95.00,215.00 95.00,215.00
             95.00,215.00 89.00,215.00 89.00,215.00
             89.00,215.00 89.00,227.00 89.00,227.00
             89.00,227.00 83.00,227.00 83.00,227.00
             83.00,227.00 83.00,233.00 83.00,233.00
             83.00,233.00 77.00,233.00 77.00,233.00
             77.00,233.00 77.00,239.00 77.00,239.00
             77.00,239.00 83.00,239.00 83.00,239.00
             83.00,239.00 83.00,245.00 83.00,245.00
             83.00,245.00 89.00,245.00 89.00,245.00
             89.00,245.00 89.00,233.00 89.00,233.00
             89.00,233.00 95.00,233.00 95.00,233.00
             95.00,233.00 95.00,227.00 95.00,227.00
             95.00,227.00 101.00,227.00 101.00,227.00
             101.00,227.00 101.00,233.00 101.00,233.00
             101.00,233.00 113.00,233.00 113.00,233.00
             113.00,233.00 113.00,203.00 113.00,203.00
             113.00,203.00 119.00,203.00 119.00,203.00
             119.00,203.00 119.00,197.00 119.00,197.00
             119.00,197.00 125.00,197.00 125.00,197.00
             125.00,197.00 125.00,191.00 125.00,191.00
             125.00,191.00 107.00,191.00 107.00,191.00
             107.00,191.00 107.00,185.00 107.00,185.00
             107.00,185.00 101.00,185.00 101.00,185.00 Z
           M 173.00,185.00
           C 173.00,185.00 173.00,191.00 173.00,191.00
             173.00,191.00 179.00,191.00 179.00,191.00
             179.00,191.00 179.00,185.00 179.00,185.00
             179.00,185.00 173.00,185.00 173.00,185.00 Z
           M 65.00,191.00
           C 65.00,191.00 65.00,203.00 65.00,203.00
             65.00,203.00 71.00,203.00 71.00,203.00
             71.00,203.00 71.00,197.00 71.00,197.00
             71.00,197.00 77.00,197.00 77.00,197.00
             77.00,197.00 77.00,191.00 77.00,191.00
             77.00,191.00 65.00,191.00 65.00,191.00 Z
           M 167.00,191.00
           C 167.00,191.00 167.00,197.00 167.00,197.00
             167.00,197.00 155.00,197.00 155.00,197.00
             155.00,197.00 155.00,203.00 155.00,203.00
             155.00,203.00 179.00,203.00 179.00,203.00
             179.00,203.00 179.00,197.00 179.00,197.00
             179.00,197.00 173.00,197.00 173.00,197.00
             173.00,197.00 173.00,191.00 173.00,191.00
             173.00,191.00 167.00,191.00 167.00,191.00 Z
           M 179.00,191.00
           C 179.00,191.00 179.00,197.00 179.00,197.00
             179.00,197.00 191.00,197.00 191.00,197.00
             191.00,197.00 191.00,191.00 191.00,191.00
             191.00,191.00 179.00,191.00 179.00,191.00 Z
           M 209.00,191.00
           C 209.00,191.00 209.00,203.00 209.00,203.00
             209.00,203.00 215.00,203.00 215.00,203.00
             215.00,203.00 215.00,191.00 215.00,191.00
             215.00,191.00 209.00,191.00 209.00,191.00 Z
           M 227.00,191.00
           C 227.00,191.00 227.00,197.00 227.00,197.00
             227.00,197.00 233.00,197.00 233.00,197.00
             233.00,197.00 233.00,203.00 233.00,203.00
             233.00,203.00 221.00,203.00 221.00,203.00
             221.00,203.00 221.00,215.00 221.00,215.00
             221.00,215.00 209.00,215.00 209.00,215.00
             209.00,215.00 209.00,209.00 209.00,209.00
             209.00,209.00 203.00,209.00 203.00,209.00
             203.00,209.00 203.00,221.00 203.00,221.00
             203.00,221.00 215.00,221.00 215.00,221.00
             215.00,221.00 215.00,233.00 215.00,233.00
             215.00,233.00 221.00,233.00 221.00,233.00
             221.00,233.00 221.00,227.00 221.00,227.00
             221.00,227.00 227.00,227.00 227.00,227.00
             227.00,227.00 227.00,209.00 227.00,209.00
             227.00,209.00 239.00,209.00 239.00,209.00
             239.00,209.00 239.00,221.00 239.00,221.00
             239.00,221.00 245.00,221.00 245.00,221.00
             245.00,221.00 245.00,233.00 245.00,233.00
             245.00,233.00 251.00,233.00 251.00,233.00
             251.00,233.00 251.00,209.00 251.00,209.00
             251.00,209.00 245.00,209.00 245.00,209.00
             245.00,209.00 245.00,203.00 245.00,203.00
             245.00,203.00 239.00,203.00 239.00,203.00
             239.00,203.00 239.00,197.00 239.00,197.00
             239.00,197.00 245.00,197.00 245.00,197.00
             245.00,197.00 245.00,191.00 245.00,191.00
             245.00,191.00 227.00,191.00 227.00,191.00 Z
           M 77.00,197.00
           C 77.00,197.00 77.00,203.00 77.00,203.00
             77.00,203.00 89.00,203.00 89.00,203.00
             89.00,203.00 89.00,197.00 89.00,197.00
             89.00,197.00 77.00,197.00 77.00,197.00 Z
           M 191.00,197.00
           C 191.00,197.00 191.00,203.00 191.00,203.00
             191.00,203.00 197.00,203.00 197.00,203.00
             197.00,203.00 197.00,197.00 197.00,197.00
             197.00,197.00 191.00,197.00 191.00,197.00 Z
           M 245.00,197.00
           C 245.00,197.00 245.00,203.00 245.00,203.00
             245.00,203.00 251.00,203.00 251.00,203.00
             251.00,203.00 251.00,197.00 251.00,197.00
             251.00,197.00 245.00,197.00 245.00,197.00 Z
           M 89.00,203.00
           C 89.00,203.00 89.00,209.00 89.00,209.00
             89.00,209.00 101.00,209.00 101.00,209.00
             101.00,209.00 101.00,203.00 101.00,203.00
             101.00,203.00 89.00,203.00 89.00,203.00 Z
           M 125.00,203.00
           C 125.00,203.00 125.00,209.00 125.00,209.00
             125.00,209.00 131.00,209.00 131.00,209.00
             131.00,209.00 131.00,215.00 131.00,215.00
             131.00,215.00 143.00,215.00 143.00,215.00
             143.00,215.00 143.00,221.00 143.00,221.00
             143.00,221.00 155.00,221.00 155.00,221.00
             155.00,221.00 155.00,227.00 155.00,227.00
             155.00,227.00 149.00,227.00 149.00,227.00
             149.00,227.00 149.00,233.00 149.00,233.00
             149.00,233.00 167.00,233.00 167.00,233.00
             167.00,233.00 167.00,239.00 167.00,239.00
             167.00,239.00 173.00,239.00 173.00,239.00
             173.00,239.00 173.00,245.00 173.00,245.00
             173.00,245.00 185.00,245.00 185.00,245.00
             185.00,245.00 185.00,239.00 185.00,239.00
             185.00,239.00 179.00,239.00 179.00,239.00
             179.00,239.00 179.00,233.00 179.00,233.00
             179.00,233.00 173.00,233.00 173.00,233.00
             173.00,233.00 173.00,227.00 173.00,227.00
             173.00,227.00 179.00,227.00 179.00,227.00
             179.00,227.00 179.00,233.00 179.00,233.00
             179.00,233.00 191.00,233.00 191.00,233.00
             191.00,233.00 191.00,227.00 191.00,227.00
             191.00,227.00 185.00,227.00 185.00,227.00
             185.00,227.00 185.00,215.00 185.00,215.00
             185.00,215.00 179.00,215.00 179.00,215.00
             179.00,215.00 179.00,209.00 179.00,209.00
             179.00,209.00 167.00,209.00 167.00,209.00
             167.00,209.00 167.00,215.00 167.00,215.00
             167.00,215.00 173.00,215.00 173.00,215.00
             173.00,215.00 173.00,221.00 173.00,221.00
             173.00,221.00 167.00,221.00 167.00,221.00
             167.00,221.00 167.00,227.00 167.00,227.00
             167.00,227.00 161.00,227.00 161.00,227.00
             161.00,227.00 161.00,221.00 161.00,221.00
             161.00,221.00 167.00,221.00 167.00,221.00
             167.00,221.00 167.00,215.00 167.00,215.00
             167.00,215.00 149.00,215.00 149.00,215.00
             149.00,215.00 149.00,209.00 149.00,209.00
             149.00,209.00 137.00,209.00 137.00,209.00
             137.00,209.00 137.00,203.00 137.00,203.00
             137.00,203.00 125.00,203.00 125.00,203.00 Z
           M 179.00,203.00
           C 179.00,203.00 179.00,209.00 179.00,209.00
             179.00,209.00 185.00,209.00 185.00,209.00
             185.00,209.00 185.00,203.00 185.00,203.00
             185.00,203.00 179.00,203.00 179.00,203.00 Z
           M 65.00,209.00
           C 65.00,209.00 65.00,233.00 65.00,233.00
             65.00,233.00 77.00,233.00 77.00,233.00
             77.00,233.00 77.00,221.00 77.00,221.00
             77.00,221.00 83.00,221.00 83.00,221.00
             83.00,221.00 83.00,215.00 83.00,215.00
             83.00,215.00 77.00,215.00 77.00,215.00
             77.00,215.00 77.00,209.00 77.00,209.00
             77.00,209.00 65.00,209.00 65.00,209.00 Z
           M 83.00,209.00
           C 83.00,209.00 83.00,215.00 83.00,215.00
             83.00,215.00 89.00,215.00 89.00,215.00
             89.00,215.00 89.00,209.00 89.00,209.00
             89.00,209.00 83.00,209.00 83.00,209.00 Z
           M 119.00,209.00
           C 119.00,209.00 119.00,221.00 119.00,221.00
             119.00,221.00 125.00,221.00 125.00,221.00
             125.00,221.00 125.00,209.00 125.00,209.00
             125.00,209.00 119.00,209.00 119.00,209.00 Z
           M 185.00,209.00
           C 185.00,209.00 185.00,215.00 185.00,215.00
             185.00,215.00 197.00,215.00 197.00,215.00
             197.00,215.00 197.00,209.00 197.00,209.00
             197.00,209.00 185.00,209.00 185.00,209.00 Z
           M 263.00,215.00
           C 263.00,215.00 263.00,221.00 263.00,221.00
             263.00,221.00 269.00,221.00 269.00,221.00
             269.00,221.00 269.00,215.00 269.00,215.00
             269.00,215.00 263.00,215.00 263.00,215.00 Z
           M 125.00,221.00
           C 125.00,221.00 125.00,227.00 125.00,227.00
             125.00,227.00 119.00,227.00 119.00,227.00
             119.00,227.00 119.00,233.00 119.00,233.00
             119.00,233.00 131.00,233.00 131.00,233.00
             131.00,233.00 131.00,227.00 131.00,227.00
             131.00,227.00 137.00,227.00 137.00,227.00
             137.00,227.00 137.00,233.00 137.00,233.00
             137.00,233.00 143.00,233.00 143.00,233.00
             143.00,233.00 143.00,221.00 143.00,221.00
             143.00,221.00 125.00,221.00 125.00,221.00 Z
           M 197.00,221.00
           C 197.00,221.00 197.00,233.00 197.00,233.00
             197.00,233.00 203.00,233.00 203.00,233.00
             203.00,233.00 203.00,221.00 203.00,221.00
             203.00,221.00 197.00,221.00 197.00,221.00 Z
           M 233.00,221.00
           C 233.00,221.00 233.00,233.00 233.00,233.00
             233.00,233.00 239.00,233.00 239.00,233.00
             239.00,233.00 239.00,221.00 239.00,221.00
             239.00,221.00 233.00,221.00 233.00,221.00 Z
           M 47.00,221.00
           C 47.00,221.00 47.00,239.00 47.00,239.00
             47.00,239.00 35.00,239.00 35.00,239.00
             35.00,239.00 35.00,233.00 35.00,233.00
             35.00,233.00 23.00,233.00 23.00,233.00
             23.00,233.00 23.00,239.00 23.00,239.00
             23.00,239.00 17.00,239.00 17.00,239.00
             17.00,239.00 17.00,233.00 17.00,233.00
             17.00,233.00 23.00,233.00 23.00,233.00
             23.00,233.00 23.00,227.00 23.00,227.00
             23.00,227.00 41.00,227.00 41.00,227.00
             41.00,227.00 41.00,221.00 41.00,221.00
             41.00,221.00 47.00,221.00 47.00,221.00 Z
           M 131.00,233.00
           C 131.00,233.00 131.00,239.00 131.00,239.00
             131.00,239.00 137.00,239.00 137.00,239.00
             137.00,239.00 137.00,233.00 137.00,233.00
             137.00,233.00 131.00,233.00 131.00,233.00 Z
           M 191.00,233.00
           C 191.00,233.00 191.00,239.00 191.00,239.00
             191.00,239.00 197.00,239.00 197.00,239.00
             197.00,239.00 197.00,233.00 197.00,233.00
             197.00,233.00 191.00,233.00 191.00,233.00 Z
           M 203.00,233.00
           C 203.00,233.00 203.00,239.00 203.00,239.00
             203.00,239.00 209.00,239.00 209.00,239.00
             209.00,239.00 209.00,233.00 209.00,233.00
             209.00,233.00 203.00,233.00 203.00,233.00 Z
           M 113.00,239.00
           C 113.00,239.00 113.00,245.00 113.00,245.00
             113.00,245.00 107.00,245.00 107.00,245.00
             107.00,245.00 107.00,251.00 107.00,251.00
             107.00,251.00 101.00,251.00 101.00,251.00
             101.00,251.00 101.00,245.00 101.00,245.00
             101.00,245.00 95.00,245.00 95.00,245.00
             95.00,245.00 95.00,257.00 95.00,257.00
             95.00,257.00 101.00,257.00 101.00,257.00
             101.00,257.00 101.00,263.00 101.00,263.00
             101.00,263.00 95.00,263.00 95.00,263.00
             95.00,263.00 95.00,269.00 95.00,269.00
             95.00,269.00 107.00,269.00 107.00,269.00
             107.00,269.00 107.00,263.00 107.00,263.00
             107.00,263.00 113.00,263.00 113.00,263.00
             113.00,263.00 113.00,251.00 113.00,251.00
             113.00,251.00 125.00,251.00 125.00,251.00
             125.00,251.00 125.00,257.00 125.00,257.00
             125.00,257.00 131.00,257.00 131.00,257.00
             131.00,257.00 131.00,263.00 131.00,263.00
             131.00,263.00 137.00,263.00 137.00,263.00
             137.00,263.00 137.00,245.00 137.00,245.00
             137.00,245.00 125.00,245.00 125.00,245.00
             125.00,245.00 125.00,239.00 125.00,239.00
             125.00,239.00 113.00,239.00 113.00,239.00 Z
           M 143.00,239.00
           C 143.00,239.00 143.00,257.00 143.00,257.00
             143.00,257.00 161.00,257.00 161.00,257.00
             161.00,257.00 161.00,239.00 161.00,239.00
             161.00,239.00 143.00,239.00 143.00,239.00 Z
           M 197.00,239.00
           C 197.00,239.00 197.00,245.00 197.00,245.00
             197.00,245.00 203.00,245.00 203.00,245.00
             203.00,245.00 203.00,239.00 203.00,239.00
             203.00,239.00 197.00,239.00 197.00,239.00 Z
           M 221.00,239.00
           C 221.00,239.00 221.00,245.00 221.00,245.00
             221.00,245.00 233.00,245.00 233.00,245.00
             233.00,245.00 233.00,239.00 233.00,239.00
             233.00,239.00 221.00,239.00 221.00,239.00 Z
           M 239.00,239.00
           C 239.00,239.00 239.00,257.00 239.00,257.00
             239.00,257.00 257.00,257.00 257.00,257.00
             257.00,257.00 257.00,239.00 257.00,239.00
             257.00,239.00 239.00,239.00 239.00,239.00 Z
           M 167.00,245.00
           C 167.00,245.00 167.00,251.00 167.00,251.00
             167.00,251.00 173.00,251.00 173.00,251.00
             173.00,251.00 173.00,245.00 173.00,245.00
             173.00,245.00 167.00,245.00 167.00,245.00 Z
           M 185.00,245.00
           C 185.00,245.00 185.00,251.00 185.00,251.00
             185.00,251.00 191.00,251.00 191.00,251.00
             191.00,251.00 191.00,245.00 191.00,245.00
             191.00,245.00 185.00,245.00 185.00,245.00 Z
           M 215.00,245.00
           C 215.00,245.00 215.00,251.00 215.00,251.00
             215.00,251.00 221.00,251.00 221.00,251.00
             221.00,251.00 221.00,245.00 221.00,245.00
             221.00,245.00 215.00,245.00 215.00,245.00 Z
           M 59.00,245.00
           C 59.00,245.00 59.00,287.00 59.00,287.00
             59.00,287.00 17.00,287.00 17.00,287.00
             17.00,287.00 17.00,245.00 17.00,245.00
             17.00,245.00 59.00,245.00 59.00,245.00 Z
           M 155.00,245.00
           C 155.00,245.00 155.00,251.00 155.00,251.00
             155.00,251.00 149.00,251.00 149.00,251.00
             149.00,251.00 149.00,245.00 149.00,245.00
             149.00,245.00 155.00,245.00 155.00,245.00 Z
           M 251.00,245.00
           C 251.00,245.00 251.00,251.00 251.00,251.00
             251.00,251.00 245.00,251.00 245.00,251.00
             245.00,251.00 245.00,245.00 245.00,245.00
             245.00,245.00 251.00,245.00 251.00,245.00 Z
           M 23.00,251.00
           C 23.00,251.00 23.00,281.00 23.00,281.00
             23.00,281.00 53.00,281.00 53.00,281.00
             53.00,281.00 53.00,251.00 53.00,251.00
             53.00,251.00 23.00,251.00 23.00,251.00 Z
           M 173.00,251.00
           C 173.00,251.00 173.00,257.00 173.00,257.00
             173.00,257.00 167.00,257.00 167.00,257.00
             167.00,257.00 167.00,269.00 167.00,269.00
             167.00,269.00 173.00,269.00 173.00,269.00
             173.00,269.00 173.00,263.00 173.00,263.00
             173.00,263.00 179.00,263.00 179.00,263.00
             179.00,263.00 179.00,251.00 179.00,251.00
             179.00,251.00 173.00,251.00 173.00,251.00 Z
           M 191.00,251.00
           C 191.00,251.00 191.00,257.00 191.00,257.00
             191.00,257.00 197.00,257.00 197.00,257.00
             197.00,257.00 197.00,251.00 197.00,251.00
             197.00,251.00 191.00,251.00 191.00,251.00 Z
           M 119.00,257.00
           C 119.00,257.00 119.00,263.00 119.00,263.00
             119.00,263.00 125.00,263.00 125.00,263.00
             125.00,263.00 125.00,257.00 125.00,257.00
             125.00,257.00 119.00,257.00 119.00,257.00 Z
           M 215.00,257.00
           C 215.00,257.00 215.00,263.00 215.00,263.00
             215.00,263.00 221.00,263.00 221.00,263.00
             221.00,263.00 221.00,257.00 221.00,257.00
             221.00,257.00 215.00,257.00 215.00,257.00 Z
           M 47.00,257.00
           C 47.00,257.00 47.00,275.00 47.00,275.00
             47.00,275.00 29.00,275.00 29.00,275.00
             29.00,275.00 29.00,257.00 29.00,257.00
             29.00,257.00 47.00,257.00 47.00,257.00 Z
           M 179.00,263.00
           C 179.00,263.00 179.00,269.00 179.00,269.00
             179.00,269.00 185.00,269.00 185.00,269.00
             185.00,269.00 185.00,263.00 185.00,263.00
             185.00,263.00 179.00,263.00 179.00,263.00 Z
           M 107.00,269.00
           C 107.00,269.00 107.00,281.00 107.00,281.00
             107.00,281.00 119.00,281.00 119.00,281.00
             119.00,281.00 119.00,275.00 119.00,275.00
             119.00,275.00 113.00,275.00 113.00,275.00
             113.00,275.00 113.00,269.00 113.00,269.00
             113.00,269.00 107.00,269.00 107.00,269.00 Z
           M 287.00,269.00
           C 287.00,269.00 287.00,275.00 287.00,275.00
             287.00,275.00 281.00,275.00 281.00,275.00
             281.00,275.00 281.00,287.00 281.00,287.00
             281.00,287.00 269.00,287.00 269.00,287.00
             269.00,287.00 269.00,281.00 269.00,281.00
             269.00,281.00 263.00,281.00 263.00,281.00
             263.00,281.00 263.00,287.00 263.00,287.00
             263.00,287.00 233.00,287.00 233.00,287.00
             233.00,287.00 233.00,281.00 233.00,281.00
             233.00,281.00 239.00,281.00 239.00,281.00
             239.00,281.00 239.00,275.00 239.00,275.00
             239.00,275.00 251.00,275.00 251.00,275.00
             251.00,275.00 251.00,269.00 251.00,269.00
             251.00,269.00 287.00,269.00 287.00,269.00 Z
           M 95.00,275.00
           C 95.00,275.00 95.00,281.00 95.00,281.00
             95.00,281.00 101.00,281.00 101.00,281.00
             101.00,281.00 101.00,275.00 101.00,275.00
             101.00,275.00 95.00,275.00 95.00,275.00 Z
           M 257.00,275.00
           C 257.00,275.00 257.00,281.00 257.00,281.00
             257.00,281.00 263.00,281.00 263.00,281.00
             263.00,281.00 263.00,275.00 263.00,275.00
             263.00,275.00 257.00,275.00 257.00,275.00 Z
           M 269.00,275.00
           C 269.00,275.00 269.00,281.00 269.00,281.00
             269.00,281.00 275.00,281.00 275.00,281.00
             275.00,281.00 275.00,275.00 275.00,275.00
             275.00,275.00 269.00,275.00 269.00,275.00 Z
           M 71.00,275.00
           C 71.00,275.00 71.00,281.00 71.00,281.00
             71.00,281.00 77.00,281.00 77.00,281.00
             77.00,281.00 77.00,275.00 77.00,275.00
             77.00,275.00 83.00,275.00 83.00,275.00
             83.00,275.00 83.00,281.00 83.00,281.00
             83.00,281.00 77.00,281.00 77.00,281.00
             77.00,281.00 77.00,287.00 77.00,287.00
             77.00,287.00 65.00,287.00 65.00,287.00
             65.00,287.00 65.00,275.00 65.00,275.00
             65.00,275.00 71.00,275.00 71.00,275.00 Z
           M 215.00,281.00
           C 215.00,281.00 215.00,287.00 215.00,287.00
             215.00,287.00 209.00,287.00 209.00,287.00
             209.00,287.00 209.00,281.00 209.00,281.00
             209.00,281.00 215.00,281.00 215.00,281.00 Z" />
</svg>
