<?xml version="1.0" encoding="UTF-8" standalone="no"?>
<!DOCTYPE svg PUBLIC "-//W3C//DTD SVG 20010904//EN"
              "http://www.w3.org/TR/2001/REC-SVG-20010904/DTD/svg10.dtd">

<svg xmlns="http://www.w3.org/2000/svg"
     width="8.33229in" height="1.4026in"
     viewBox="0 0 600 101">
  <path id="Selection"
        fill="none" stroke="black" stroke-width="1"
        d="M 14.33,37.00
           C 24.61,15.17 56.17,14.01 69.03,34.00
             76.01,44.83 74.00,68.81 74.00,82.00
             74.00,82.00 61.00,82.00 61.00,82.00
             61.00,82.00 61.00,55.00 61.00,55.00
             60.99,48.89 61.00,45.22 57.06,40.09
             48.83,29.37 34.67,29.66 27.13,41.04
             23.97,45.80 24.01,49.56 24.00,55.00
             24.00,55.00 24.00,82.00 24.00,82.00
             24.00,82.00 11.00,82.00 11.00,82.00
             11.00,69.79 9.38,47.50 14.33,37.00 Z
           M 127.00,20.00
           C 127.00,20.00 127.00,47.00 127.00,47.00
             127.01,51.33 126.85,55.08 129.09,59.00
             136.35,71.77 151.72,72.99 160.36,61.00
             161.83,58.97 163.08,56.45 163.81,54.00
             163.81,54.00 163.81,20.00 163.81,20.00
             163.81,20.00 177.00,20.00 177.00,20.00
             177.00,33.33 178.92,56.91 171.87,68.00
             159.20,87.93 127.05,86.52 116.90,64.00
             112.53,54.29 114.00,31.42 114.00,20.00
             114.00,20.00 127.00,20.00 127.00,20.00 Z
           M 217.00,62.00
           C 217.00,49.25 216.38,38.22 226.30,28.30
             240.43,14.17 265.43,18.07 275.52,35.00
             278.80,40.50 278.99,44.84 279.00,51.00
             279.00,51.00 279.00,82.00 279.00,82.00
             279.00,82.00 267.00,82.00 267.00,82.00
             267.00,82.00 267.00,54.00 267.00,54.00
             266.97,48.85 266.87,45.32 263.58,41.00
             254.19,28.67 238.07,29.44 231.41,44.00
             229.81,47.51 230.01,50.26 230.00,54.00
             230.00,54.00 230.00,82.00 230.00,82.00
             230.00,82.00 217.00,82.00 217.00,82.00
             217.00,82.00 217.00,62.00 217.00,62.00 Z
           M 320.00,62.00
           C 320.00,49.40 319.23,37.95 329.18,28.30
             346.25,11.74 381.95,18.98 382.00,51.00
             382.00,51.00 382.00,82.00 382.00,82.00
             382.00,82.00 370.00,82.00 370.00,82.00
             370.00,82.00 370.00,55.00 370.00,55.00
             369.99,50.43 370.18,47.14 367.77,43.00
             360.64,30.75 345.58,28.10 336.64,40.04
             329.60,49.44 332.00,70.28 332.00,82.00
             332.00,82.00 320.00,82.00 320.00,82.00
             320.00,82.00 320.00,62.00 320.00,62.00 Z
           M 465.00,82.00
           C 452.04,82.00 442.12,83.03 432.04,72.96
             419.84,60.76 419.99,39.02 433.09,27.47
             440.05,21.33 446.06,20.01 455.00,20.00
             455.00,20.00 485.00,20.00 485.00,20.00
             485.00,20.00 485.00,32.00 485.00,32.00
             485.00,32.00 459.00,32.00 459.00,32.00
             453.41,32.01 449.94,31.96 445.00,35.13
             433.05,42.80 432.95,56.95 444.00,65.61
             452.39,72.17 474.15,70.00 485.00,70.00
             485.00,70.00 485.00,82.00 485.00,82.00
             485.00,82.00 465.00,82.00 465.00,82.00 Z
           M 549.00,81.07
           C 543.73,79.65 538.90,76.81 535.04,72.96
             522.40,60.31 522.94,37.90 537.04,26.53
             543.73,21.13 549.71,20.01 558.00,20.00
             558.00,20.00 588.00,20.00 588.00,20.00
             588.00,20.00 588.00,32.00 588.00,32.00
             588.00,32.00 562.00,32.00 562.00,32.00
             556.40,32.01 552.95,31.96 548.00,35.13
             535.74,42.99 535.83,56.86 547.00,65.61
             555.39,72.17 577.15,70.00 588.00,70.00
             588.00,70.00 588.00,82.00 588.00,82.00
             580.05,82.00 555.06,82.71 549.00,81.07 Z
           M 572.28,55.83
           C 568.42,53.38 568.97,47.57 573.13,45.17
             576.09,43.47 584.34,44.00 588.00,44.00
             588.00,44.00 588.00,57.00 588.00,57.00
             584.42,57.00 575.02,57.56 572.28,55.83 Z
           M 242.60,67.11
           C 244.52,62.47 251.21,61.95 253.83,66.23
             255.57,69.08 255.00,78.34 255.00,82.00
             255.00,82.00 242.00,82.00 242.00,82.00
             242.00,79.00 241.67,69.35 242.60,67.11 Z" />
</svg>
